1 7
2 0
3 1
4 1
5 3
6 1
7 9
8 1
9 1
10 7
11 9
12 5
13 7
14 9
15 10
16 9
17 1
18 8
19 13
20 3
21 5
22 1
23 7
24 5
25 8
26 2
27 2
28 4
29 4
30 6
31 0
32 4
33 3
34 5
35 4
36 4
37 2
38 0
39 4
40 1
41 4
42 7
43 7
44 0
45 6
46 5
47 1
48 7
49 2
50 0
51 2
52 7
53 2
54 0
55 2
56 2
57 5
58 3
59 5
60 1
61 9
62 3
63 6
64 9
65 9
66 2
67 1
68 5
69 7
70 11
71 3
72 4
73 1
74 9
75 4
76 7
77 8
78 1
79 4
80 2
81 1
82 8
83 8
84 3
85 5
86 1
87 2
88 4
89 5
90 6
91 5
92 3
93 0
94 2
95 3
96 6
97 0
98 7
99 1
100 2
101 8
102 0
103 2
104 3
105 3
106 10
107 6
108 1
109 1
110 9
111 1
112 3
113 5
114 6
115 1
116 2
117 3
118 7
119 6
120 5
121 8
122 6
123 6
124 6
125 8
126 5
127 4
128 0
129 4
130 10
131 3
132 6
133 8
134 3
135 1
136 2
137 10
138 10
139 3
140 4
141 5
142 1
143 4
144 7
145 3
146 4
147 4
148 1
149 2
150 4
151 0
152 3
153 1
154 0
155 8
156 5
157 8
158 5
159 3
160 2
161 4
162 1
163 3
164 1
165 4
166 2
167 4
168 1
169 4
170 3
171 6
172 7
173 4
174 5
175 1
176 4
177 1
178 3
179 2
180 7
181 7
182 7
183 3
184 4
185 1
186 3
187 5
188 1
189 2
190 3
191 10
192 1
193 10
194 5
195 4
196 0
197 9
198 1
199 7
200 7
201 1
202 2
203 1
204 0
205 2
206 1
207 2
208 1
209 1
210 1
211 10
212 1
213 0
214 10
215 2
216 0
217 5
218 12
219 1
220 7
221 3
222 1
223 2
224 5
225 1
226 2
227 2
228 1
229 3
230 8
231 0
232 2
233 1
234 0
235 4
236 0
237 5
238 2
239 0
240 9
241 1
242 3
243 2
244 4
245 5
246 9
247 1
248 1
249 2
250 3
251 10
252 1
253 3
254 1
255 5
256 6
257 1
258 5
259 9
260 4
261 1
262 1
263 6
264 2
265 4
266 3
267 1
268 5
269 0
270 9
271 3
272 2
273 1
274 10
275 10
276 5
277 3
278 7
279 5
280 9
281 5
282 3
283 7
284 5
285 4
286 5
287 5
288 1
289 2
290 9
291 5
292 10
293 9
294 8
295 1
296 0
297 4
298 9
299 3
300 1
301 8
302 8
303 5
304 3
305 5
306 1
307 4
308 7
309 2
310 1
311 0
312 2
313 0
314 1
315 1
316 7
317 9
318 2
319 10
320 7
321 2
322 3
323 6
324 10
325 9
326 9
327 9
328 8
329 9
330 9
331 2
332 6
333 0
334 2
335 8
336 4
337 10
338 2
339 4
340 0
341 1
342 0
343 1
344 3
345 7
346 5
347 7
348 3
349 0
350 2
351 9
352 3
353 2
354 7
355 4