hi there
4237.2
8971.3
9987.0
9018.0
5639.3
6102.7
4764.0
6791.0
6289.9
6336.6
7335.5
8882.5
6327.8
3910.0
11083.6
9847.0
5269.5
6863.3
16425.8
5478.1
4505.0
6094.1
11925.0
10361.5
5125.1
8359.6
9434.8
6021.8
8550.8
5622.7
9503.0
5452.3
6277.1
7322.3
7271.7
4317.6
5584.5
6047.6
5550.1
10221.2
9834.1
8380.7
6077.1
6145.1
6387.7
7301.2
10973.5
9137.4
5945.5
7258.9
6047.7
6986.6
7008.1
7692.5
10276.2
9200.9
5414.0
7628.5
5529.2
6548.8
9502.6
10064.0
8432.0
6038.8
7407.4
8933.1
7662.4
9851.3
7722.2
8933.1
9885.1
7947.4
6625.7
5490.7
15690.7
6111.2
7326.6
5937.2
7619.8
5218.5
12141.8
8453.1
5890.0
6060.2
7862.5
5779.5
6085.7
7101.4
11109.3
5520.7
5924.4
5354.8
8882.0
11376.8
11508.8
6234.3
6357.9
6595.7
6281.1
6251.7
6582.8
5121.1
4270.9
4360.4
5371.9
12448.2
4186.2
15121.0
13153.4
13354.8333333
16485.4
17017.0
16936.2
30226.0
14071.6
12520.2
12694.6
12027.4
12243.8
14160.9
13599.7
13939.5
13599.7
11304.6
17952.0
17632.9
14513.4
14564.3
22154.9
13308.6
12670.2333333
15814.1
15393.0
19303.5
24998.4
17377.24
17377.24
14356.5
19515.6
16688.64
29350.0
28560.0
19120.3
13308.6
19192.5
20072.7
23154.0
47944.2
61352.6
53349.8
52720.8
37570.0
58407.3
33051.8
27820.2
33931.8
30850.4
34862.4
58879.4
28594.0
31220.0
28453.6
57676.6
23115.7
21615.4
46639.0
36600.8
34063.3
34917.6
33617.5
28410.8
37293.4
25478.7
31853.5
34407.8
33953.0
37536.0
18785.0
35011.5
35011.5
27271.8
40672.4
18228.2
33919.1
17615.9
24416.0
29167.5
4755.4
3145.0
3842.0
2460.4
2979.1
2928.1
2825.8
3268.1
3400.0
5295.4
5648.0
5796.5
7783.85
5346.4
5150.9
2728.1
3076.7
5333.7
6689.5
2838.8
2613.7
3174.6
2702.9
5384.7
3029.9
2571.2
5494.9
5273.9
3055.6
3633.7
2043.8
8095.8
8151.1
8537.9
10467.3
11419.5
9388.2
10127.6
7773.2
8372.5
12027.0
18028.2
9995.7
3357.5
7783.85
10773.4
7399.2
3612.5
8533.9
11003.1
7386.1
8418.8
9451.7
8380.9
11504.6
9736.4
10178.3
12915.6
7343.6
12294.8
8095.8
10998.6
10476.0
10930.7
7773.1
11296.0
10169.8
11186.0
13952.6
9825.5
8890.6
9588.0
10701.4
10599.1
8563.6
10059.5
18602.1
23276.8
6438.7
13217.5
17994.0
16396.5
19485.8
15219.2
17518.0
13574.4
14296.6
16851.1
11546.8
14764.5
13259.9
9945.0
9209.7
13251.4
14025.0
14211.6
14007.9
11542.6
14675.2
14386.0
14148.2
10429.0
13748.6
17102.0
16149.8
13995.0
15112.9
13506.1
13153.3
13782.4
12702.9
22618.3
12665.0
16311.1
14105.5
13327.9
8988.7
14228.5
20331.8
13705.9
12002.0
12184.4
20956.4
12307.6
13829.5
15045.0
13710.4
14462.3
18329.8
19745.3
6769.9
6595.6
7118.6
3047.2
4109.7
6481.0
4101.2
4211.7
6247.0
7024.8
6808.4
6957.2
6897.7
3616.7
4143.7
3740.0
3740.0
3727.2
3714.5
3506.2
2843.0
6859.3
7297.1
7887.5
8725.2
6872.0
4814.9
4572.8
4742.7
5346.4
4402.7
7484.25
6056.1
3871.6
3697.0
3896.8
4734.0
