1 11.8
2 28.0
3 7.8
4 5.4
5 6.3
6 17.6
7 17.7
8 24.6
9 49.8
10 19.5
11 18.6
12 15.2
13 3.9
14 18.4
15 19.1
16 7.0
17 10.2
18 21.0
19 17.2
20 2.9
21 22.4
22 20.3
23 17.2
24 4.1
25 9.5
26 17.0
27 13.7
28 13.9
29 16.8
30 13.5
31 17.6
32 10.0
33 17.8
34 17.4
35 15.0
36 15.4
37 15.4
38 18.2
39 17.8
40 16.6
41 11.8
42 4.3
43 6.1
44 16.0
45 19.0
46 19.0
47 16.8
48 10.0
49 10.7
50 18.2
51 17.9
52 17.2
53 18.4
54 17.3
55 17.6
56 9.1
57 12.8
58 16.6
59 12.0
60 16.2
61 17.1
62 13.0
63 10.2
64 10.6
65 17.4
66 14.0
67 10.6
68 14.0
69 2.7
70 14.6
71 15.0
72 10.8
73 14.4
74 18.3
75 17.8
76 0.750
77 18.4
78 14.9
79 18.3
80 15.5
81 16.0
82 8.8
83 12.7
84 11.4
85 17.5
86 15.5
87 14.8
88 18.2
89 15.3
90 9.1
91 14.9
92 18.3
93 14.4
94 2.5
95 2.1
96 6.4
97 17.2
98 17.5
99 18.4
100 18.3
101 16.9
102 18.3
103 11.4
104 19.1
105 21.8
106 16.2
107 0
108 24.0
109 15.8
110 16.4
111 19.6
112 25.2
113 13.2
114 15.9
115 23.1
116 22.7
117 20.3
118 21.7
119 14.9
120 16.1
121 20.5
122 18.1
123 15.1
124 18.1
125 17.7
126 24.1
127 25.1
128 20.2
129 18.8
130 18.2
131 13.5
132 13.7
133 18.3
134 18.3
135 17.5
136 25.1
137 14.0
138 14.0
139 12.1
140 11.3
141 10.9
142 17.3
143 23.7
144 13.8
145 13.5
146 21.8
147 19.8
148 19.1
149 27.6
150 29.3
151 29.5
152 28.8
153 31.4
154 30.5
155 21.4
156 22.1
157 22.1
158 24.0
159 31.9
160 30.5
161 19.4
162 19.4
163 19.4
164 30.1
165 24.0
166 21.2
167 29.6
168 24.2
169 21.4
170 26.5
171 25.9
172 23.3
173 23.3
174 17.3
175 37.6
176 27.2
177 27.4
178 27.4
179 17.3
180 22.3
181 22.3
182 21.3
183 27.3
184 18.8
185 22.8
186 19.4
187 22.7
188 26.3
189 28.6
190 28.8
191 32.3
192 67.0
193 33.8
194 33.8
195 33.8
196 33.5
197 28.6
198 20.8
199 24.3
200 28.1
201 18.2
202 25.4
203 27.0
204 50.8
205 34.0
206 28.0
207 17.6
208 58.1
209 38.4
210 35.2
211 61.7
212 16.7
213 35.1
214 36.5
215 21.6
216 23.5
217 47.6
218 30.4
219 44.8
220 60.6
221 18.3
222 27.1
223 16.9
224 22.5
225 23.8
226 23.7
227 32.8
228 36.1
229 28.2
230 25.2
231 22.9
232 23.4
233 18.2
234 19.4
235 29.3
236 22.9
237 28.8
238 17.4
239 25.3
240 24.4
241 18.3
242 21.4
243 19.1
244 18.6
245 24.9
246 19.1
247 31.0
248 19.6
249 20.5
250 26.3
251 23.7
252 23.3
253 26.6
254 21.4
255 30.9
256 22.5
257 20.2
258 18.5
259 20.4
260 21.6
261 22.3
262 17.6
263 29.5
264 19.6
265 28.2
266 28.8
267 30.0
268 36.1
269 27.2
270 20.7
271 20.7
272 36.2
273 26.2
274 37.6
275 42.4
276 24.7
277 39.3
278 33.8
279 38.4
280 43.1
281 41.3
282 42.9
283 36.2
284 32.8
285 32.6
286 60.3
287 32.0
288 32.0
289 43.0
290 38.4
291 31.3
292 25.4
293 27.0
294 29.1
295 24.2
296 36.4
297 43.3
298 36.7
299 37.2
300 31.4
301 36.1
302 35.2
303 33.7
304 34.4
305 39.1
306 20.2
307 35.2
308 18.2
309 42.6
310 42.2
311 30.9
312 39.4
313 44.2
314 32.2
315 36.3
316 37.0
317 29.7
318 31.2
319 44.2
320 46.7
321 47.0
322 118
323 69.2
324 44.2
325 64.9
326 72.2
327 42.9
328 42.1
329 46.6
330 43.9
331 43.9
332 65.7
333 51.5
334 66.4
335 67.0
336 61.4
337 65.2
338 65.4
339 115
340 45.3
341 44.2
342 44.6
343 45.0
344 44.9
345 61.0
346 57.2
347 60.6
348 62.5
349 59.1
350 44.0
351 41.9
352 72.4
353 70.2
354 75.6
355 71.6