4237.2 4284.74
8971.3 9071.96
9987.0 10099.05
9018.0 9119.18
5639.3 5702.57
6102.7 6171.17
4764.0 4817.45
6791.0 6867.2
6289.9 6360.47
6336.6 6407.7
7335.5 7417.8
8882.5 8982.16
6327.8 6398.8
3910.0 3953.87
11083.6 11207.96
9847.0 9957.48
5269.5 5328.62
6863.3 6940.31
16425.8 16610.1
5478.1 5539.56
4505.0 4555.55
6094.1 6162.48
11925.0 12058.8
10361.5 10477.76
5125.1 5182.6
8359.6 8453.39
9434.8 9540.66
6021.8 6089.36
8550.8 8646.74
5622.7 5685.79
9503.0 9609.62
5452.3 5513.47
6277.1 6347.53
7322.3 7404.46
7271.7 7353.29
4317.6 4366.04
5584.5 5647.16
6047.6 6115.45
5550.1 5612.37
10221.2 10335.88
9834.1 9944.44
8380.7 8474.73
6077.1 6145.29
6145.1 6214.05
6387.7 6459.37
7301.2 7383.12
10973.5 11096.62
9137.4 9239.92
5945.5 6012.21
7258.9 7340.34
6047.7 6115.56
6986.6 7064.99
7008.1 7086.73
7692.5 7778.81
10276.2 10391.5
9200.9 9304.13
5414.0 5474.75
7628.5 7714.09
5529.2 5591.24
6548.8 6622.28
9502.6 9609.22
10064.0 10176.92
8432.0 8526.61
6038.8 6106.56
7407.4 7490.51
8933.1 9033.33
7662.4 7748.37
9851.3 9961.83
7722.2 7808.84
8933.1 9033.33
9885.1 9996.01
7947.4 8036.57
6625.7 6700.04
5490.7 5552.31
15690.7 15866.75
6111.2 6179.77
7326.6 7408.8
5937.2 6003.82
7619.8 7705.29
5218.5 5277.05
12141.8 12278.03
8453.1 8547.94
5890.0 5956.09
6060.2 6128.2
7862.5 7950.72
5779.5 5844.35
6085.7 6153.98
7101.4 7181.08
11109.3 11233.95
5520.7 5582.64
5924.4 5990.87
5354.8 5414.88
8882.0 8981.66
11376.8 11504.45
11508.8 11637.93
6234.3 6304.25
6357.9 6429.24
6595.7 6669.7
6281.1 6351.57
6251.7 6321.84
6582.8 6656.66
5121.1 5178.56
4270.9 4318.82
4360.4 4409.32
5371.9 5432.17
12448.2 12587.87
4186.2 4233.17
15121.0 15290.66
13153.4 13300.98
13354.8333333 13504.67
16485.4 16670.37
17017.0 17207.93
16936.2 17126.22
30226.0 30565.14
14071.6 14229.48
12520.2 12660.68
12694.6 12837.03
12027.4 12162.35
12243.8 12381.18
14160.9 14319.79
13599.7 13752.29
13939.5 14095.9
13599.7 13752.29
11304.6 11431.44
17952.0 18153.42
17632.9 17830.74
14513.4 14676.24
14564.3 14727.71
22154.9 22403.48
13308.6 13457.92
12670.2333333 12812.39
15814.1 15991.53
15393.0 15565.71
19303.5 19520.09
24998.4 25278.88
17377.24 17572.21
17377.24 17572.21
14356.5 14517.58
19515.6 19734.57
16688.64 16875.89
29350.0 29679.31
28560.0 28880.44
19120.3 19334.83
13308.6 13457.92
19192.5 19407.84
20072.7 20297.92
23154.0 23413.79
47944.2 48482.13
61352.6 62040.98
53349.8 53948.38
52720.8 53312.33
37570.0 37991.54
58407.3 59062.63
33051.8 33422.64
27820.2 28132.34
33931.8 34312.51
30850.4 31196.54
34862.4 35253.56
58879.4 59540.03
28594.0 28914.82
31220.0 31570.29
28453.6 28772.85
57676.6 58323.73
23115.7 23375.06
21615.4 21857.92
46639.0 47162.29
36600.8 37011.46
34063.3 34445.49
34917.6 35309.38
33617.5 33994.69
28410.8 28729.57
37293.4 37711.83
25478.7 25764.57
31853.5 32210.9
34407.8 34793.86
33953.0 34333.95
37536.0 37957.15
18785.0 18995.77
35011.5 35404.33
35011.5 35404.33
27271.8 27577.79
40672.4 41128.74
18228.2 18432.72
33919.1 34299.67
17615.9 17813.55
24416.0 24689.95
29167.5 29494.76
4755.4 4808.76
3145.0 3180.29
3842.0 3885.11
2460.4 2488.01
2979.1 3012.53
2928.1 2960.95
2825.8 2857.51
3268.1 3304.77
3400.0 3438.15
5295.4 5354.81
5648.0 5711.37
5796.5 5861.54
7783.85 7871.18
5346.4 5406.39
5150.9 5208.69
2728.1 2758.71
3076.7 3111.22
5333.7 5393.54
6689.5 6764.56
2838.8 2870.65
2613.7 2643.03
3174.6 3210.22
2702.9 2733.23
5384.7 5445.12
3029.9 3063.9
2571.2 2600.05
5494.9 5556.55
5273.9 5333.07
3055.6 3089.88
3633.7 3674.47
2043.8 2066.73
8095.8 8186.63
8151.1 8242.56
8537.9 8633.7
10467.3 10584.74
11419.5 11547.63
9388.2 9493.54
10127.6 10241.23
7773.2 7860.42
8372.5 8466.44
12027.0 12161.94
18028.2 18230.48
9995.7 10107.85
3357.5 3395.17
7783.85 7871.18
10773.4 10894.28
7399.2 7482.22
3612.5 3653.03
8533.9 8629.65
11003.1 11126.55
7386.1 7468.97
8418.8 8513.26
9451.7 9557.75
8380.9 8474.93
11504.6 11633.68
9736.4 9845.64
10178.3 10292.5
12915.6 13060.51
7343.6 7426.0
12294.8 12432.75
8095.8 8186.63
10998.6 11122.0
10476.0 10593.54
10930.7 11053.34
7773.1 7860.31
11296.0 11422.74
10169.8 10283.91
11186.0 11311.51
13952.6 14109.15
9825.5 9935.74
8890.6 8990.35
9588.0 9695.58
10701.4 10821.47
10599.1 10718.02
8563.6 8659.68
10059.5 10172.37
18602.1 18810.82
23276.8 23537.97
6438.7 6510.94
13217.5 13365.8
17994.0 18195.89
16396.5 16580.47
19485.8 19704.43
15219.2 15389.96
17518.0 17714.55
13574.4 13726.7
14296.6 14457.01
16851.1 17040.17
11546.8 11676.36
14764.5 14930.16
13259.9 13408.68
9945.0 10056.58
9209.7 9313.03
13251.4 13400.08
14025.0 14182.36
14211.6 14371.05
14007.9 14165.07
11542.6 11672.11
14675.2 14839.86
14386.0 14547.41
14148.2 14306.94
10429.0 10546.01
13748.6 13902.86
17102.0 17293.88
16149.8 16331.0
13995.0 14152.02
15112.9 15282.47
13506.1 13657.64
13153.3 13300.88
13782.4 13937.04
12702.9 12845.43
22618.3 22872.08
12665.0 12807.1
16311.1 16494.11
14105.5 14263.76
13327.9 13477.44
8988.7 9089.55
14228.5 14388.14
20331.8 20559.92
13705.9 13859.68
12002.0 12136.66
12184.4 12321.11
20956.4 21191.53
12307.6 12445.69
13829.5 13984.67
15045.0 15213.8
13710.4 13864.23
14462.3 14624.57
18329.8 18535.46
19745.3 19966.84
6769.9 6845.86
6595.6 6669.6
7118.6 7198.47
3047.2 3081.39
4109.7 4155.81
6481.0 6553.72
4101.2 4147.22
4211.7 4258.96
6247.0 6317.09
7024.8 7103.62
6808.4 6884.79
6957.2 7035.26
6897.7 6975.09
3616.7 3657.28
4143.7 4190.19
3740.0 3781.96
3740.0 3781.96
3727.2 3769.02
3714.5 3756.18
3506.2 3545.54
2843.0 2874.9
6859.3 6936.26
7297.1 7378.97
7887.5 7976.0
8725.2 8823.1
6872.0 6949.1
4814.9 4868.92
4572.8 4624.11
4742.7 4795.91
5346.4 5406.39
4402.7 4452.1
7484.25 7568.22
6056.1 6124.05
3871.6 3915.04
3697.0 3738.48
3896.8 3940.52
4734.0 4787.12
