1438
6412
1459
0
5126
1466
1460
11950
8895
15272
1468
1064
1444
17458
12508
1433
24604
21135
33969
5130
1452
0
7909
4883
5014
29645
32953
25813
23027
25577
22349
24353
23936
22675
25099
34081
0
27679
26347
22311
17434
22264
22729
22389
22671
26473
23089
22321
22459
23447
25861
25949
34061
28935
26105
22256
17492
21491
17496
21423
22131
17490
21815
17472
18772
17448
10896
17486
20095
17488
21137
10898
22093
17456
17452
19577
0
22127
18768
22129
21131
21903
21809
19575
18770
17462
22143
18756
22095
21757
20581
18774
21897
19585
16488
0
17474
17476
22125
22121
17470
22123
15046
7340
0
7907
4884
24210
22713
4877
4878
11728
455
5172
4904
19245
1078
5173
456
5174
2451
7888
4880
4881
0
4879
11730
12230
0
0
5175
6283
460
5176
17450
4885
8539
4893
4895
5154
451
1172
0
0
4892
450
12152
0
0
1056
0
1059
1402
1061
7922
4886
4887
1325
1389
1063
4923
15692
15694
1397
4926
12194
0
1337
3239
0
4924
1159
4931
5097
12458
4938
0
0
5116
4933
11852
4949
6273
4943
4944
1365
5117
4941
15772
1069
20969
6401
1114
12570
12572
23579
1116
3246
4999
18706
1102
5000
5001
7915
21843
7917
4997
1469
27173
21485
6162
27257
22663
28199
18746
5108
8198
5109
9532
12400
7934
17318
17960
25641
7926
21819
7929
1087
5102
5103
18652
1121
7928
5104
1131
15028
5110
5111
18984
1124
11940
1133
8205
1123
1111
1147
12288
1136
14910
7933
1138
6161
17512
12292
22475
17868
1151
5053
1107
0
4994
6421
7936
5198
4866
1156
17314
34279
1162
3230
4954
15596
12408
4960
4961
4974
1179
10922
17518
3245
5188
5189
12382
10924
11736
1199
4969
4970
4972
12384
11894
1217
4963
4962
0
22021
17422
4967
4968
4955
22248
6275
4976
4977
10918
1327
12026
5035
27109
19289
12078
1361
17374
12086
5098
0
4959
4956
7319
4988
4989
5195
18986
18674
0
22023
21171
11928
12004
1335
12006
21657
5190
4736
7887
12012
5047
31685
5115
0
11732
0
7321
0
12170
12172
1137
12174
0
11734
0
4987
12178
12180
21923