1 19.0
2 7.7
3 21.6
4 22.8
5 26.9
6 37.5
7 37.6
8 44.5
9 69.7
10 39.4
11 38.5
12 35.1
13 24.0
14 38.3
15 39.0
16 28.7
17 31.5
18 40.9
19 37.1
20 23.4
21 43.9
22 40.2
23 37.1
24 23.9
25 29.6
26 37.3
27 33.6
28 33.8
29 36.7
30 33.4
31 37.9
32 18.7
33 38.1
34 37.3
35 34.7
36 35.3
37 35.3
38 38.5
39 37.7
40 36.9
41 19.1
42 23.9
43 26.6
44 35.9
45 38.9
46 38.9
47 36.7
48 29.9
49 30.6
50 38.1
51 37.8
52 37.1
53 38.3
54 37.2
55 37.5
56 29.6
57 32.7
58 36.9
59 31.9
60 36.5
61 37.0
62 33.0
63 18.6
64 18.0
65 37.3
66 33.9
67 30.5
68 33.9
69 25.8
70 34.5
71 34.7
72 31.8
73 34.3
74 38.2
75 38.1
76 22.3
77 38.3
78 34.8
79 38.2
80 35.4
81 36.3
82 28.7
83 20.0
84 30.5
85 37.5
86 35.2
87 35.1
88 38.1
89 35.2
90 29.0
91 35.2
92 38.2
93 34.7
94 25.7
95 25.5
96 27.0
97 37.1
98 37.5
99 38.3
100 38.2
101 36.8
102 38.2
103 29.7
104 39.0
105 41.7
106 36.5
107 22.4
108 43.9
109 10.4
110 16.0
111 12.1
112 4.7
113 6.9
114 5.2
115 6.7
116 11.2
117 10.3
118 10.2
119 9.1
120 7.5
121 9.0
122 17.7
123 17.7
124 17.7
125 17.3
126 5.7
127 4.8
128 10.2
129 9.6
130 8.6
131 10.2
132 10.3
133 17.1
134 17.1
135 12.9
136 16.7
137 14.1
138 14.1
139 10.1
140 13.1
141 13.7
142 10.5
143 16.7
144 11.9
145 10.2
146 14.9
147 13.3
148 11.2
149 16.8
150 18.8
151 18.8
152 23.4
153 26.5
154 25.6
155 9.8
156 12.2
157 9.7
158 13.0
159 16.8
160 20.0
161 9.6
162 9.6
163 9.6
164 19.4
165 13.0
166 13.3
167 19.1
168 11.0
169 9.0
170 15.4
171 14.8
172 7.8
173 7.8
174 6.5
175 8.7
176 4.0
177 4.7
178 4.7
179 5.4
180 4.2
181 4.2
182 8.7
183 6.2
184 3.7
185 2.7
186 2.9
187 9.4
188 4.0
189 41.3
190 44.5
191 47.6
192 70.3
193 52.7
194 52.7
195 52.7
196 51.8
197 34.9
198 39.1
199 34.5
200 41.9
201 25.7
202 39.1
203 40.4
204 70.7
205 51.4
206 42.1
207 24.1
208 78.0
209 61.3
210 53.5
211 71.3
212 35.0
213 269
214 54.7
215 39.9
216 34.9
217 51.3
218 42.1
219 63.3
220 33.8
221 24.0
222 36.5
223 20.8
224 22.2
225 23.5
226 23.3
227 375
228 28.0
229 37.6
230 24.8
231 381
232 28.4
233 25.7
234 24.0 
235 34.0
236 27.9
237 35.0
238 20.6
239 24.9
240 24.0
241 18.0
242 21.1
243 18.8
244 24.3
245 24.6
246 18.7
247 33.2
248 19.3
249 26.3
250 25.9
251 23.4
252 22.9
253 9.0
254 21.0
255 8.7
256 22.1
257 19.9
258 20.0
259 25.4
260 21.2
261 25.2
262 22.6
263 37.3
264 19.3
265 6.0
266 6.6
267 12.4
268 13.9
269 4.9
270 2.0
271 2.0
272 14.0
273 11.5
274 15.3
275 20.2
276 2.4
277 18.1
278 11.6
279 16.2
280 20.9
281 19.1
282 20.7
283 14.0
284 10.6
285 10.4
286 39.7
287 10.1
288 10.1
289 20.7
290 16.2
291 9.1
292 3.2
293 4.8
294 6.9
295 5.8
296 14.2
297 21.0
298 14.5
299 15.0
300 9.2
301 13.9
302 13.0
303 11.5
304 12.2
305 16.9
306 2.8
307 13.0
308 3.7
309 20.4
310 20.0
311 8.7
312 17.2
313 5.0
314 7.9
315 13.2
316 14.8
317 7.5
318 8.6
319 24.3 
320 26.1
321 26.5
322 105
323 55.4
324 23.6
325 52.2
326 58.4
327 22.3
328 22.2
329 26.1
330 23.4
331 23.4
332 51.9
333 37.7
334 52.6
335 53.2
336 47.6
337 51.4
338 51.6
339 101
340 25.4
341 23.6
342 22.9
343 23.5
344 23.5
345 47.2
346 43.4
347 46.8
348 48.7
349 45.2
350 21.9
351 21.9
352 58.6
353 56.4
354 61.8
355 57.8 