1 33.9
2 26.4
3 36.5
4 37.7
5 37.0
6 47.6
7 47.6
8 54.6
9 79.8
10 49.5
11 48.6
12 45.2
13 38.8
14 48.4
15 49.1
16 38.8
17 40.8
18 51.0
19 47.2
20 
21 52.4
22 50.2
23 47.2
24 34.0
25 39.7
26 47.4
27 43.7
28 43.9
29 46.8
30 43.4
31 48.0
32 33.6
33 48.1
34 47.3
35 45.0
36 45.3
37 45.3
38 48.5
39 47.8
40 46.9
41 33.9
42 36.6
43 36.7
44 46.0
45 49.0
46 49.0
47 46.8
48 40.0
49 40.7
50 48.2
51 47.9
52 47.2
53 48.4
54 47.3
55 47.6
56 39.7
57 42.8
58 47.0
59 41.9
60 46.6
61 47.0
62 43.0
63 33.5
64 32.9
65 47.4
66 44.0
67 40.6
68 44.0
69 35.9
70 44.6
71 45.0
72 41.9
73 44.4
74 48.2
75 48.2
76 32.4
77 48.4
78 44.9
79 48.2
80 45.5
81 46.4
82 38.8
83 34.8
84 40.6
85 47.5
86 45.4
87 45.2
88 48.2
89 45.3
90 39.1
91 45.3
92 48.3
93 44.8
94 35.8
95 35.6
96 36.6
97 47.2
98 47.5
99 48.4
100 48.2
101 46.9
102 48.3
103 45.5
104 49.1
105 51.8
106 46.6
107 32.5
108 54.0
109 15.8
110 30.9
111 30.3
112 31.3
113 19.0
114 22.1
115 29.3
116 28.9
117 26.4
118 27.9
119 16.1
120 16.0
121 26.7
122 32.6
123 32.6
124 32.6
125 32.2
126 30.2
127 28.3
128 26.3
129 12.5
130 13.1
131 17.8
132 19.0
133 24.5
134 24.5
135 18.4
136 7.3
137 16.6
138 16.6
139 17.5
140 23.5
141 24.5
142 14.4
143 7.3
144 15.8
145 17.8
146 12.6
147 10.6
148 10.5
149 4.4
150 
151 1.4
152 5.2
153 8.9
154 8.0
155 8.9
156 8.5
157 9.2
158 7.2
159 3.3
160 2.3
161 12.4
162 12.4
163 12.4
164 1.9
165 7.2
166 8.9
167 
168 8.2
169 9.8
170 5.4
171 5.6
172 14.2
173 14.2
174 17.0
175 26.5
176 24.4
177 25.0
178 25.0
179 19.5
180 15.2
181 15.2
182 10.5
183 16.7
184 19.4
185 16.3
186 18.7
187 20.8
188 24.3
189 56.2
190 62.9
191 62.5
192 85.2
193 67.9
194 67.9
195 67.9
196 67.6
197 49.8
198 54.9
199 58.4
200 56.8
201 40.6
202 59.8
203 55.3
204 80.8
205 67.2
206 57.0
207 39.0
208 88.1
209 
210 69.3
211 91.7
212 50.9
213 279
214 70.6
215 55.7
216 57.6
217 79.2
218 60.8
219 78.9
220 44.6
221 38.9
222 41.6
223 35.7
224 37.1
225 38.4
226 38.2
227 1.3
228 48.3
229 42.7
230 39.7
231 1.8
232 43.3
233 40.6
234 
235 43.8
236 42.8
237 43.3
238 35.5
239 39.8
240 38.9
241 32.8
242 35.9
243 33.6
244 39.2
245 39.5
246 33.6
247 45.6
248 34.1
249 41.2
250 40.8
251 38.3
252 37.8
253 29.7
254 35.9
255 29.0
256 37.0
257 34.8
258 34.8
259 40.3
260 36.1
261 1.8
262 1.8
263 44.0
264 34.1
265 26.3
266 28.3
267 32.7
268 34.2
269 503
270 24.4
271 24.4
272 34.3
273 9.9
274 35.6
275 40.5
276 22.7
277 37.4
278 31.9
279 36.5
280 41.2
281 39.4
282 41.0
283 34.3
284 30.9
285 30.7
286 60.0
287 30.5
288 30.5
289 41.0
290 36.5
291 29.4
292 23.5
293 25.1
294 27.1
295 30.3
296 34.5
297 41.3
298 34.8
299 35.3
300 29.5
301 34.2
302 33.3
303 31.8
304 32.5
305 37.2
306 26.4
307 33.3
308 19.3
309 40.9
310 37.8
311 29.0
312 37.5
313 15.7
314 28.2
315 33.5
316 35.1
317 27.8
318 29.2
319 
320 46.4
321 46.8
322 125
323 75.7
324 43.9
325 72.5
326 78.7
327 42.6
328 42.4
329 46.3
330 43.7
331 43.7
332 72.2
333 58.0
334 72.9
335 73.5
336 67.9
337 54.2
338 71.9
339 122
340 45.7
341 43.9
342 43.4
343 43.8
344 43.8
345 50.1
346 63.7
347 50.1
348 69.0
349 65.5
350 42.2
351 42.2
352 58.4
353 76.7
354 82.1
355 78.0
