1 0
2 0
3 1
4 3
5 0
6 0
7 1
8 0
9 0
10 1
11 2
12 3
13 1
14 0
15 0
16 1
17 0
18 6
19 0
20 1
21 3
22 1
23 0
24 1
25 1
26 0
27 1
28 2
29 0
30 1
31 0
32 0
33 0
34 0
35 1
36 2
37 0
38 0
39 0
40 0
41 0
42 1
43 1
44 0
45 0
46 0
47 2
48 1
49 0
50 1
51 1
52 0
53 1
54 1
55 1
56 0
57 1
58 0
59 1
60 0
61 0
62 3
63 0
64 0
65 0
66 2
67 0
68 1
69 1
70 2
71 0
72 0
73 1
74 0
75 0
76 0
77 1
78 1
79 1
80 2
81 1
82 1
83 0
84 2
85 0
86 1
87 1
88 0
89 1
90 1
91 0
92 0
93 0
94 1
95 0
96 0
97 2
98 0
99 1
100 2
101 0
102 10
103 0
104 2
105 0
106 0
107 3
108 0
109 1
110 5
111 4
112 0
113 3
114 3
115 7
116 4
117 1
118 1
119 10
120 5
121 9
122 2
123 3
124 3
125 2
126 2
127 0
128 0
129 1
130 1
131 2
132 0
133 1
134 2
135 0
136 2
137 7
138 6
139 6
140 2
141 3
142 1
143 1
144 7
145 2
146 0
147 0
148 0
149 1
150 4
151 0
152 1
153 1
154 0
155 8
156 5
157 4
158 2
159 1
160 1
161 3
162 4
163 1
164 2
165 4
166 7
167 1
168 9
169 0
170 3
171 2
172 6
173 5
174 6
175 9
176 2
177 2
178 0
179 1
180 0
181 3
182 3
183 1
184 0
185 4
186 6
187 1
188 4
189 0
190 1
191 1
192 0
193 2
194 2
195 1
196 1
197 7
198 1
199 3
200 7
201 0
202 2
203 4
204 1
205 1
206 1
207 0
208 1
209 0
210 1
211 1
212 1
213 0
214 0
215 0
216 0
217 0
218 5
219 0
220 2
221 0
222 1
223 1
224 0
225 1
226 0
227 1
228 1
229 0
230 0
231 9
232 0
233 0
234 2
235 10
236 0
237 0
238 4
239 0
240 1
241 1
242 0
243 1
244 1
245 1
246 1
247 0
248 2
249 1
250 0
251 1
252 0
253 0
254 0
255 1
256 1
257 1
258 3
259 10
260 8
261 1
262 0
263 0
264 1
265 0
266 1
267 1
268 1
269 0
270 3
271 6
272 1
273 1
274 3
275 6
276 2
277 0
278 0
279 3
280 1
281 1
282 3
283 1
284 0
285 1
286 2
287 3
288 6
289 1
290 1
291 0
292 1
293 2
294 1
295 1
296 1
297 0
298 5
299 6
300 3
301 0
302 2
303 4
304 6
305 2
306 3
307 2
308 1
309 0
310 0
311 1
312 0
313 1
314 4
315 3
316 4
317 0
318 3
319 1
320 1
321 1
322 2
323 2
324 3
325 2
326 1
327 2
328 0
329 5
330 3
331 3
332 3
333 1
334 3
335 1
336 2
337 1
338 2
339 1
340 1
341 0
342 0
343 1
344 0
345 5
346 1
347 5
348 5
349 1
350 0
351 0
352 1
353 1
354 1
355 1