0 19 33.9 3145
1 19 33.9 3315
2 19 33.9 3230
3 19 33.9 3740
4 19 33.9 3655
5 19 33.9 3782
6 19 33.9 4250
7 19 33.9 4717
8 19 33.9 5015
9 19 33.9 5355
10 19 33.9 5525
11 19 33.9 5610
12 19 33.9 5822
13 19 33.9 6162
14 19 33.9 6247
15 19 33.9 6460
16 19 33.9 6587
17 19 33.9 6800
18 19 33.9 6970
19 19 33.9 7182
20 19 33.9 7437
21 19 33.9 7650
22 19 33.9 7565
23 19 33.9 7947
24 19 33.9 8627
25 19 33.9 8840
26 19 33.9 8542
18 7.7 25.8 3060
19 7.7 25.8 2975
20 7.7 25.8 3230
21 7.7 25.8 3272
22 7.7 25.8 3272
23 7.7 25.8 3315
24 7.7 25.8 3697
25 7.7 25.8 3825
26 7.7 25.8 3825
0 21.6 36.5 3102
1 21.6 36.5 3102
2 21.6 36.5 3102
3 21.6 36.5 3357
4 21.6 36.5 3570
5 21.6 36.5 3825
6 21.6 36.5 4165
7 21.6 36.5 4250
8 21.6 36.5 4802
9 21.6 36.5 4845
10 21.6 36.5 5312
11 21.6 36.5 5737
12 21.6 36.5 5482
13 21.6 36.5 5270
14 21.6 36.5 5525
15 21.6 36.5 5525
16 21.6 36.5 5525
17 21.6 36.5 5780
18 21.6 36.5 6035
19 21.6 36.5 6162
20 21.6 36.5 6290
21 21.6 36.5 6375
22 21.6 36.5 6800
23 21.6 36.5 7225
24 21.6 36.5 7607
25 21.6 36.5 8500
26 21.6 36.5 9052
17 26.9 36.8 7777
18 26.9 36.8 6630
19 26.9 36.8 7225
20 26.9 36.8 7310
23 26.9 36.8 7225
26 26.9 36.8 10157
2 37.5 47.4 2125
3 37.5 47.4 2422
4 37.5 47.4 2295
5 37.5 47.4 2592
6 37.5 47.4 2635
7 37.5 47.4 3187
8 37.5 47.4 3145
9 37.5 47.4 2975
10 37.5 47.4 3442
11 37.5 47.4 3655
12 37.5 47.4 3570
13 37.5 47.4 3612
14 37.5 47.4 3825
15 37.5 47.4 3825
16 37.5 47.4 3825
17 37.5 47.4 4165
18 37.5 47.4 4122
19 37.5 47.4 4250
20 37.5 47.4 4505
21 37.5 47.4 4462
22 37.5 47.4 4675
23 37.5 47.4 4887
24 37.5 47.4 5185
25 37.5 47.4 5015
26 37.5 47.4 5312
0 37.6 47.5 2252
1 37.6 47.5 2337
2 37.6 47.5 2252
3 37.6 47.5 2380
4 37.6 47.5 2507
5 37.6 47.5 2592
6 37.6 47.5 2720
7 37.6 47.5 3017
8 37.6 47.5 3485
9 37.6 47.5 3612
10 37.6 47.5 3655
11 37.6 47.5 3867
12 37.6 47.5 3995
13 37.6 47.5 4080
14 37.6 47.5 4165
15 37.6 47.5 4335
16 37.6 47.5 4547
17 37.6 47.5 4675
18 37.6 47.5 4717
19 37.6 47.5 4845
20 37.6 47.5 5057
21 37.6 47.5 5100
22 37.6 47.5 5185
23 37.6 47.5 5355
24 37.6 47.5 5525
25 37.6 47.5 5652
26 37.6 47.5 5907
16 44.5 54.4 3485
17 44.5 54.4 3612
18 44.5 54.4 3570
19 44.5 54.4 3612
20 44.5 54.4 3655
21 44.5 54.4 3740
22 44.5 54.4 3740
23 44.5 54.4 3825
24 44.5 54.4 4037
25 44.5 54.4 4165
26 44.5 54.4 4505
22 69.7 79.6 6205
23 69.7 79.6 6885
24 69.7 79.6 6842
25 69.7 79.6 6970
26 69.7 79.6 6077
22 39.4 49.3 5695
23 39.4 49.3 5865
24 39.4 49.3 5780
25 39.4 49.3 6587
26 39.4 49.3 6162
0 38.5 48.4 2465
1 38.5 48.4 2125
2 38.5 48.4 2210
3 38.5 48.4 2210
4 38.5 48.4 2550
5 38.5 48.4 2592
6 38.5 48.4 2677
7 38.5 48.4 3060
8 38.5 48.4 3485
9 38.5 48.4 3570
10 38.5 48.4 3995
11 38.5 48.4 4207
12 38.5 48.4 4037
13 38.5 48.4 4207
14 38.5 48.4 4250
15 38.5 48.4 4377
16 38.5 48.4 4505
17 38.5 48.4 4675
18 38.5 48.4 4802
19 38.5 48.4 5015
20 38.5 48.4 5057
21 38.5 48.4 5270
22 38.5 48.4 5440
23 38.5 48.4 5567
24 38.5 48.4 5695
25 38.5 48.4 5865
26 38.5 48.4 5992
0 35.1 45 2890
1 35.1 45 2975
2 35.1 45 3060
3 35.1 45 3230
4 35.1 45 3315
5 35.1 45 3442
6 35.1 45 3782
7 35.1 45 3995
8 35.1 45 4420
9 35.1 45 4505
10 35.1 45 4717
11 35.1 45 4930
12 35.1 45 4930
13 35.1 45 5100
14 35.1 45 5270
15 35.1 45 5482
16 35.1 45 5652
17 35.1 45 5652
18 35.1 45 5737
19 35.1 45 5780
20 35.1 45 5950
21 35.1 45 6120
22 35.1 45 6290
23 35.1 45 6630
24 35.1 45 6715
25 35.1 45 7097
26 35.1 45 7225
0 24 36.1 3527
1 24 36.1 3570
2 24 36.1 3612
3 24 36.1 3782
4 24 36.1 3867
5 24 36.1 4122
6 24 36.1 4335
7 24 36.1 4760
8 24 36.1 5015
9 24 36.1 5100
10 24 36.1 5440
11 24 36.1 5780
12 24 36.1 5822
13 24 36.1 6077
14 24 36.1 6205
15 24 36.1 6375
16 24 36.1 6800
17 24 36.1 6672
18 24 36.1 7225
19 24 36.1 7352
20 24 36.1 7352
21 24 36.1 7650
22 24 36.1 7777
23 24 36.1 8160
24 24 36.1 8500
25 24 36.1 8500
26 24 36.1 8797
21 38.3 48.2 5567
22 38.3 48.2 5652
23 38.3 48.2 5737
24 38.3 48.2 5865
25 38.3 48.2 6417
26 38.3 48.2 6120
20 39 48.9 3485
22 39 48.9 3442
24 39 48.9 3740
25 39 48.9 3952
26 39 48.9 3867
0 28.7 38.6 3485
1 28.7 38.6 3697
2 28.7 38.6 3952
3 28.7 38.6 4250
4 28.7 38.6 4335
5 28.7 38.6 4377
6 28.7 38.6 4930
7 28.7 38.6 5397
8 28.7 38.6 5525
9 28.7 38.6 5822
10 28.7 38.6 6332
11 28.7 38.6 6587
12 28.7 38.6 6800
13 28.7 38.6 6630
14 28.7 38.6 6800
15 28.7 38.6 7692
16 28.7 38.6 7565
17 28.7 38.6 8075
18 28.7 38.6 8075
19 28.7 38.6 8500
20 28.7 38.6 8925
21 28.7 38.6 8882
22 28.7 38.6 9307
23 28.7 38.6 9775
24 28.7 38.6 9775
25 28.7 38.6 10285
26 28.7 38.6 10965
26 31.5 41.4 9350
24 40.9 50.8 5015
26 40.9 50.8 5525
1 23.4 34.3 4420
2 23.4 34.3 5185
3 23.4 34.3 4845
4 23.4 34.3 5610
5 23.4 34.3 5780
6 23.4 34.3 6970
7 23.4 34.3 6885
8 23.4 34.3 5780
9 23.4 34.3 6757
10 23.4 34.3 6545
11 23.4 34.3 7012
12 23.4 34.3 7990
13 23.4 34.3 7225
14 23.4 34.3 9350
15 23.4 34.3 9392
16 23.4 34.3 8755
17 23.4 34.3 10795
18 23.4 34.3 10965
19 23.4 34.3 12792
23 23.4 34.3 14195
24 23.4 34.3 15172
25 23.4 34.3 14875
26 23.4 34.3 17000
0 43.9 53.8 2167
1 43.9 53.8 2040
2 43.9 53.8 2252
3 43.9 53.8 2295
4 43.9 53.8 2465
5 43.9 53.8 2082
6 43.9 53.8 2507
7 43.9 53.8 2550
8 43.9 53.8 3017
9 43.9 53.8 1997
10 43.9 53.8 2295
11 43.9 53.8 2380
12 43.9 53.8 2847
13 43.9 53.8 3145
14 43.9 53.8 3272
15 43.9 53.8 3442
16 43.9 53.8 3655
17 43.9 53.8 3612
18 43.9 53.8 3697
19 43.9 53.8 3655
21 43.9 53.8 4760
22 43.9 53.8 4802
23 43.9 53.8 4887
24 43.9 53.8 4972
25 43.9 53.8 5100
26 43.9 53.8 5440
23 40.2 50.1 3825
24 40.2 50.1 3995
7 37.1 47 3315
9 37.1 47 3612
10 37.1 47 3867
11 37.1 47 3825
12 37.1 47 3825
13 37.1 47 3910
14 37.1 47 3995
15 37.1 47 4335
16 37.1 47 4207
17 37.1 47 4377
18 37.1 47 4420
19 37.1 47 4420
20 37.1 47 4632
21 37.1 47 4547
22 37.1 47 4717
23 37.1 47 4972
24 37.1 47 5100
25 37.1 47 5737
26 37.1 47 5992
0 23.9 33.8 4632
1 23.9 33.8 4335
2 23.9 33.8 4462
3 23.9 33.8 4590
4 23.9 33.8 4802
5 23.9 33.8 5312
6 23.9 33.8 5822
7 23.9 33.8 6035
8 23.9 33.8 6502
9 23.9 33.8 6800
10 23.9 33.8 7182
11 23.9 33.8 7607
12 23.9 33.8 7650
13 23.9 33.8 7650
14 23.9 33.8 7990
15 23.9 33.8 8500
16 23.9 33.8 8542
17 23.9 33.8 8712
18 23.9 33.8 8585
19 23.9 33.8 9647
20 23.9 33.8 9265
21 23.9 33.8 9945
22 23.9 33.8 9775
23 23.9 33.8 10625
24 23.9 33.8 10030
26 23.9 33.8 12325
0 29.6 39.5 3230
1 29.6 39.5 3485
2 29.6 39.5 3612
3 29.6 39.5 3825
4 29.6 39.5 3910
5 29.6 39.5 4335
6 29.6 39.5 4632
7 29.6 39.5 4845
8 29.6 39.5 5185
9 29.6 39.5 5227
10 29.6 39.5 5652
11 29.6 39.5 5907
12 29.6 39.5 6290
13 29.6 39.5 6035
14 29.6 39.5 6375
15 29.6 39.5 7097
16 29.6 39.5 7225
17 29.6 39.5 7522
18 29.6 39.5 7650
19 29.6 39.5 8075
20 29.6 39.5 8500
21 29.6 39.5 8500
22 29.6 39.5 8500
23 29.6 39.5 9435
24 29.6 39.5 9307
25 29.6 39.5 9775
26 29.6 39.5 9605
26 37.3 47.2 5312
20 33.8 43.7 8882
21 33.8 43.7 10115
23 33.8 43.7 8372
25 33.8 43.7 9265
26 33.8 43.7 10157
26 36.7 46.6 5992
20 33.4 43.3 7140
21 33.4 43.3 7012
22 33.4 43.3 7395
24 33.4 43.3 7862
25 33.4 43.3 8712
26 33.4 43.3 7820
23 37.9 47.8 4802
24 37.9 47.8 4420
25 37.9 47.8 4972
26 18.7 33.6 9392
20 38.1 48 4377
23 38.1 48 5270
24 38.1 48 4845
25 38.1 48 5015
26 38.1 48 5142
25 37.3 47.2 6162
26 37.3 47.2 6247
20 34.7 44.6 5865
21 34.7 44.6 5780
22 34.7 44.6 5525
23 34.7 44.6 5950
24 34.7 44.6 6375
25 34.7 44.6 6927
26 34.7 44.6 6842
26 35.3 45.2 4505
25 38.5 48.3 6162
26 38.5 48.3 5397
21 37.7 47.6 4930
23 37.7 47.6 5270
24 37.7 47.6 5737
25 37.7 47.6 5652
26 37.7 47.6 6077
24 36.9 46.7 4675
25 36.9 46.7 5100
26 36.9 46.7 5270
24 19.1 33.9 9647
26 19.1 33.9 9987
25 26.6 36.5 7650
26 26.6 36.5 8330
24 35.9 45.8 5440
25 35.9 45.8 5950
26 35.9 45.8 5780
23 38.9 48.8 5525
24 38.9 48.8 5652
25 38.9 48.8 6375
26 38.9 48.8 6375
22 38.9 48.8 5525
23 38.9 48.8 5695
24 38.9 48.8 5822
26 38.9 48.8 5865
20 36.7 46.6 6205
21 36.7 46.6 5865
22 36.7 46.6 6120
23 36.7 46.6 6630
25 36.7 46.6 7352
26 36.7 46.6 8287
26 29.9 39.8 11007
25 30.6 40.5 8542
26 30.6 40.5 8032
24 38.1 48 5440
25 38.1 48 6035
26 38.1 48 6247
20 37.8 47.7 5610
21 37.8 47.7 5865
22 37.8 47.7 6375
23 37.8 47.7 6077
25 37.8 47.7 7352
26 37.8 47.7 6885
20 37.1 47 4930
21 37.1 47 5100
22 37.1 47 5397
23 37.1 47 5525
24 37.1 47 5525
25 37.1 47 6077
26 37.1 47 5950
24 37.2 47.1 7310
25 37.2 47.1 7225
25 37.5 47.4 6630
26 37.5 47.4 6715
25 29.6 39.5 9520
26 29.6 39.5 9435
24 32.7 42.6 8117
26 32.7 42.6 8797
23 36.9 46.8 4335
24 36.9 46.8 4420
25 36.9 46.8 4887
26 36.9 46.8 5397
21 36.5 46.4 4802
22 36.5 46.4 4250
23 36.5 46.4 4802
24 36.5 46.4 5142
25 36.5 46.4 5397
26 36.5 46.4 5567
21 37 46.9 5822
22 37 46.9 5270
23 37 46.9 5780
24 37 46.9 5992
25 37 46.9 6672
26 37 46.9 6800
23 33 42.9 8925
24 33 42.9 9605
25 33 42.9 9732
26 33 42.9 9775
23 18.6 33.5 8840
24 18.6 33.5 9222
25 18.6 33.5 9987
26 18.6 33.5 10455
26 18 32.9 7947
24 37.3 47.2 5652
25 37.3 47.2 5270
26 37.3 47.2 5780
20 33.9 43.8 5780
21 33.9 43.8 5992
22 33.9 43.8 6332
23 33.9 43.8 6842
24 33.9 43.8 7012
25 33.9 43.8 7097
26 33.9 43.8 7225
13 30.5 40.4 6247
15 30.5 40.4 6672
16 30.5 40.4 6885
24 30.5 40.4 9350
26 30.5 40.4 9860
26 33.9 43.8 7990
23 25.8 35.7 8755
24 25.8 35.7 9817
20 34.5 44.4 6502
23 34.5 44.4 7480
24 34.5 44.4 7012
25 34.5 44.4 7650
26 34.5 44.4 7310
23 34.7 44.6 7310
25 34.7 44.6 8245
26 34.7 44.6 8202
5 31.8 41.7 5057
6 31.8 41.7 5525
13 31.8 41.7 6970
14 31.8 41.7 7862
15 31.8 41.7 7522
16 31.8 41.7 7182
17 31.8 41.7 7735
18 31.8 41.7 8075
23 31.8 41.7 9775
25 31.8 41.7 10030
26 31.8 41.7 9647
20 34.3 44.2 6672
21 34.3 44.2 6715
22 34.3 44.2 7182
23 34.3 44.2 7437
24 34.3 44.2 7777
25 34.3 44.2 8202
26 34.3 44.2 8330
20 38.1 48 4250
21 38.1 48 4037
22 38.1 48 4250
23 38.1 48 4335
24 38.1 48 4420
25 38.1 48 4717
26 38.1 48 5100
20 38.3 48.2 5142
21 38.3 48.2 5270
22 38.3 48.2 5355
23 38.3 48.2 5397
24 38.3 48.2 5610
25 38.3 48.2 5865
26 38.3 48.2 5992
20 34.8 44.7 6120
21 34.8 44.7 6502
23 34.8 44.7 7182
24 34.8 44.7 6927
25 34.8 44.7 7565
26 34.8 44.7 7565
26 38.2 48.1 5950
20 35.4 45.3 6205
21 35.4 45.3 6332
22 35.4 45.3 6715
23 35.4 45.3 6927
24 35.4 45.3 7352
25 35.4 45.3 7437
26 35.4 45.3 7437
20 36.3 46.2 4292
23 36.3 46.2 4675
24 36.3 46.2 4420
25 36.3 46.2 4717
26 36.3 46.2 4760
25 28.7 38.6 11262
26 28.7 38.6 11390
23 20 34.8 8032
24 20 34.8 8202
25 20 34.8 8287
26 20 34.8 8330
26 30.5 40.4 7310
22 37.5 47.3 5355
23 37.5 47.3 5440
24 37.5 47.3 5525
25 37.5 47.3 5610
26 37.5 47.3 5907
20 35.2 45.1 6332
21 35.2 45.1 6587
22 35.2 45.1 6332
23 35.2 45.1 7267
24 35.2 45.1 7352
25 35.2 45.1 7905
26 35.2 45.1 7480
20 35.1 45 4675
23 35.1 45 5057
24 35.1 45 5397
25 35.1 45 5907
26 35.1 45 5610
20 38.1 48 4887
21 38.1 48 4972
22 38.1 48 5100
23 38.1 48 5142
24 38.1 48 5567
25 38.1 48 6162
26 38.1 48 5950
20 35.2 45.1 5950
21 35.2 45.1 6460
22 35.2 45.1 6460
23 35.2 45.1 6885
24 35.2 45.1 6587
25 35.2 45.1 7097
26 35.2 45.1 7565
23 35.2 45.1 4675
24 35.2 45.1 4887
25 35.2 45.1 5227
26 35.2 45.1 5270
20 38.2 48.1 5057
21 38.2 48.1 5142
22 38.2 48.1 5057
23 38.2 48.1 5397
24 38.2 48.1 5652
25 38.2 48.1 5950
26 38.2 48.1 5865
20 34.7 44.6 4335
23 34.7 44.6 5015
24 34.7 44.6 5227
25 34.7 44.6 5397
26 34.7 44.6 5185
24 25.7 35.6 9222
25 25.7 35.6 9350
26 25.7 35.6 9435
26 25.5 35.4 10285
20 37.1 47 5525
21 37.1 47 5270
22 37.1 47 5482
23 37.1 47 5440
24 37.1 47 5865
25 37.1 47 5822
26 37.1 47 5780
22 37.5 47.4 5397
23 37.5 47.4 5525
24 37.5 47.4 5652
25 37.5 47.4 6162
26 37.5 47.4 6162
24 38.3 48.2 5652
26 38.3 48.2 6757
22 38.2 48.1 5567
23 38.2 48.1 6035
24 38.2 48.1 6417
25 38.2 48.1 6545
26 38.2 48.1 6332
21 36.8 46.7 5525
22 36.8 46.7 5525
23 36.8 46.7 5610
24 36.8 46.7 5695
25 36.8 46.7 5907
26 36.8 46.7 5950
20 38.2 48.1 5610
21 38.2 48.1 5695
22 38.2 48.1 5907
23 38.2 48.1 6247
24 38.2 48.1 6460
25 38.2 48.1 6757
26 38.2 48.1 7012
22 29.7 45.3 4420
23 29.7 45.3 4207
24 29.7 45.3 4505
25 29.7 45.3 4760
26 29.7 45.3 4887
18 39 48.9 3867
19 39 48.9 3400
20 39 48.9 3400
21 39 48.9 3400
22 39 48.9 3527
23 39 48.9 3655
24 39 48.9 3825
25 39 48.9 3825
26 39 48.9 4250
7 41.7 51.6 2422
8 41.7 51.6 2720
9 41.7 51.6 2592
10 41.7 51.6 2890
11 41.7 51.6 2805
12 41.7 51.6 2890
13 41.7 51.6 2932
14 41.7 51.6 2975
15 41.7 51.6 3145
16 41.7 51.6 3102
17 41.7 51.6 3230
18 41.7 51.6 3400
19 41.7 51.6 3400
20 41.7 51.6 3400
21 41.7 51.6 3400
22 41.7 51.6 3570
23 41.7 51.6 3825
24 41.7 51.6 3867
25 41.7 51.6 3952
26 41.7 51.6 4080
5 36.5 46.4 2550
6 36.5 46.4 2550
7 36.5 46.4 3145
8 36.5 46.4 3400
9 36.5 46.4 3400
10 36.5 46.4 3485
11 36.5 46.4 3485
12 36.5 46.4 3400
13 36.5 46.4 3400
14 36.5 46.4 3442
15 36.5 46.4 3697
16 36.5 46.4 3825
17 36.5 46.4 4037
18 36.5 46.4 3995
19 36.5 46.4 3910
20 36.5 46.4 4080
21 36.5 46.4 4080
22 36.5 46.4 4122
23 36.5 46.4 4505
24 36.5 46.4 4632
25 36.5 46.4 4930
26 36.5 46.4 5100
0 22.4 32.3 4335
1 22.4 32.3 4972
2 22.4 32.3 4760
3 22.4 32.3 4717
4 22.4 32.3 5652
5 22.4 32.3 5652
6 22.4 32.3 6205
7 22.4 32.3 6800
8 22.4 32.3 7097
9 22.4 32.3 6927
10 22.4 32.3 7565
11 22.4 32.3 7905
12 22.4 32.3 7777
13 22.4 32.3 7990
14 22.4 32.3 8500
15 22.4 32.3 8840
16 22.4 32.3 8500
17 22.4 32.3 8925
18 22.4 32.3 10030
19 22.4 32.3 8967
25 22.4 32.3 10880
25 43.9 53.8 3655
26 43.9 53.8 4122
22 10.4 15.8 13345
23 10.4 15.8 13982
26 10.4 15.8 14875
11 16 30.9 8202
13 16 30.9 9265
14 16 30.9 9860
15 16 30.9 9265
16 16 30.9 10030
17 16 30.9 9477
18 16 30.9 9180
19 16 30.9 9477
21 16 30.9 11645
24 16 30.9 10200
25 16 30.9 10667
26 16 30.9 9987
0 12.1 29.8 4675
1 12.1 29.8 4590
2 12.1 29.8 5015
3 12.1 29.8 5397
4 12.1 29.8 5865
5 12.1 29.8 6545
6 12.1 29.8 6715
7 12.1 29.8 7225
8 12.1 29.8 7650
9 12.1 29.8 7777
10 12.1 29.8 8500
11 12.1 29.8 8840
12 12.1 29.8 8967
13 12.1 29.8 9435
14 12.1 29.8 9775
15 12.1 29.8 10115
16 12.1 29.8 10497
17 12.1 29.8 11050
18 12.1 29.8 11347
19 12.1 29.8 11560
20 12.1 29.8 12197
21 12.1 29.8 12452
22 12.1 29.8 12920
23 12.1 29.8 13132
24 12.1 29.8 13600
25 12.1 29.8 13685
26 12.1 29.8 13430
17 4.7 26.7 14747
18 4.7 26.7 15300
19 4.7 26.7 14450
20 4.7 26.7 13685
21 4.7 26.7 14067
22 4.7 26.7 14705
23 4.7 26.7 15342
24 4.7 26.7 15597
25 4.7 26.7 16192
26 4.7 26.7 16702
10 6.9 19 11730
11 6.9 19 11177
12 6.9 19 12112
13 6.9 19 11772
14 6.9 19 12112
15 6.9 19 10157
16 6.9 19 11390
17 6.9 19 12452
18 6.9 19 11857
19 6.9 19 13515
20 6.9 19 14705
23 6.9 19 14152
24 6.9 19 13727
25 6.9 19 13472
26 6.9 19 14875
1 5.2 22.1 6375
4 5.2 22.1 7565
5 5.2 22.1 8032
6 5.2 22.1 8457
7 5.2 22.1 9095
8 5.2 22.1 9520
9 5.2 22.1 9520
10 5.2 22.1 9520
11 5.2 22.1 9732
12 5.2 22.1 9732
13 5.2 22.1 10072
14 5.2 22.1 11007
15 5.2 22.1 11900
16 5.2 22.1 12495
17 5.2 22.1 12580
18 5.2 22.1 12750
19 5.2 22.1 13090
20 5.2 22.1 13345
21 5.2 22.1 14280
22 5.2 22.1 15002
23 5.2 22.1 14577
24 5.2 22.1 16490
25 5.2 22.1 16660
26 5.2 22.1 16915
0 6.7 31.6 6757
1 6.7 31.6 7480
4 6.7 31.6 12452
5 6.7 31.6 13770
6 6.7 31.6 14365
7 6.7 31.6 16065
8 6.7 31.6 13982
9 6.7 31.6 16277
10 6.7 31.6 15597
11 6.7 31.6 17425
12 6.7 31.6 17425
13 6.7 31.6 18700
14 6.7 31.6 21080
15 6.7 31.6 17850
16 6.7 31.6 14152
17 6.7 31.6 21845
18 6.7 31.6 20485
19 6.7 31.6 22185
20 6.7 31.6 25500
21 6.7 31.6 26817
22 6.7 31.6 25712
23 6.7 31.6 27625
26 6.7 31.6 30685
8 10.3 26.4 8245
10 10.3 26.4 7862
11 10.3 26.4 8585
13 10.3 26.4 9307
14 10.3 26.4 9562
15 10.3 26.4 10200
16 10.3 26.4 11135
17 10.3 26.4 10370
18 10.3 26.4 11645
19 10.3 26.4 12325
20 10.3 26.4 11475
21 10.3 26.4 12027
25 10.3 26.4 10412
26 10.3 26.4 9775
6 10.2 27.9 6630
9 10.2 27.9 8882
10 10.2 27.9 9392
11 10.2 27.9 10030
12 10.2 27.9 9817
13 10.2 27.9 10370
14 10.2 27.9 11475
15 10.2 27.9 11475
16 10.2 27.9 10497
17 10.2 27.9 11432
18 10.2 27.9 12495
19 10.2 27.9 12112
22 10.2 27.9 12070
23 10.2 27.9 11645
24 10.2 27.9 11687
25 10.2 27.9 10667
26 10.2 27.9 11560
13 9.1 16.1 9392
16 9.1 16.1 9817
17 9.1 16.1 9945
18 9.1 16.1 9435
19 9.1 16.1 9647
20 9.1 16.1 10752
21 9.1 16.1 10922
22 9.1 16.1 12495
24 9.1 16.1 11432
25 9.1 16.1 11900
26 9.1 16.1 12155
9 7.5 20.1 9307
10 7.5 20.1 7310
12 7.5 20.1 8670
13 7.5 20.1 9307
14 7.5 20.1 8500
15 7.5 20.1 9435
16 7.5 20.1 8967
17 7.5 20.1 10625
18 7.5 20.1 10625
19 7.5 20.1 11432
20 7.5 20.1 10667
21 7.5 20.1 9222
24 7.5 20.1 11135
25 7.5 20.1 11815
26 7.5 20.1 11135
11 9 26.7 8967
13 9 26.7 10285
16 9 26.7 12027
17 9 26.7 12027
18 9 26.7 10922
19 9 26.7 11645
20 9 26.7 12282
21 9 26.7 13217
22 9 26.7 13047
23 9 26.7 13472
24 9 26.7 13345
25 9 26.7 13855
26 9 26.7 13557
0 17.7 32.6 5355
1 17.7 32.6 5312
2 17.7 32.6 5737
3 17.7 32.6 5950
4 17.7 32.6 6247
5 17.7 32.6 6927
6 17.7 32.6 6970
7 17.7 32.6 7267
8 17.7 32.6 7905
9 17.7 32.6 8245
10 17.7 32.6 8500
11 17.7 32.6 8967
12 17.7 32.6 9265
13 17.7 32.6 9605
14 17.7 32.6 10115
15 17.7 32.6 10625
16 17.7 32.6 11050
17 17.7 32.6 11475
18 17.7 32.6 11517
19 17.7 32.6 11857
22 17.7 32.6 11730
23 17.7 32.6 12197
24 17.7 32.6 12325
25 17.7 32.6 12750
26 17.7 32.6 13600
0 17.7 32.6 5100
1 17.7 32.6 5057
2 17.7 32.6 5227
3 17.7 32.6 5567
4 17.7 32.6 6035
5 17.7 32.6 6715
6 17.7 32.6 6502
7 17.7 32.6 6672
8 17.7 32.6 7140
9 17.7 32.6 7480
10 17.7 32.6 7777
11 17.7 32.6 8500
12 17.7 32.6 8755
13 17.7 32.6 9435
14 17.7 32.6 9860
15 17.7 32.6 10200
16 17.7 32.6 11092
17 17.7 32.6 11475
18 17.7 32.6 11050
19 17.7 32.6 11687
20 17.7 32.6 9987
22 17.7 32.6 12495
23 17.7 32.6 12537
24 17.7 32.6 12367
25 17.7 32.6 13090
26 17.7 32.6 13727
0 17.7 32.6 5355
1 17.7 32.6 5397
2 17.7 32.6 5950
3 17.7 32.6 6035
4 17.7 32.6 6375
5 17.7 32.6 7012
6 17.7 32.6 7182
7 17.7 32.6 7437
8 17.7 32.6 8160
9 17.7 32.6 8500
10 17.7 32.6 8670
11 17.7 32.6 9052
12 17.7 32.6 9392
13 17.7 32.6 9732
14 17.7 32.6 10200
15 17.7 32.6 10837
16 17.7 32.6 11050
17 17.7 32.6 11517
18 17.7 32.6 11730
19 17.7 32.6 12155
20 17.7 32.6 11560
21 17.7 32.6 12835
22 17.7 32.6 11517
23 17.7 32.6 11900
24 17.7 32.6 12325
25 17.7 32.6 12750
26 17.7 32.6 13600
23 17.3 32.2 11985
25 17.3 32.2 12537
0 5.7 30.3 6502
1 5.7 30.3 6417
2 5.7 30.3 7182
3 5.7 30.3 7310
4 5.7 30.3 7267
5 5.7 30.3 9307
6 5.7 30.3 9945
7 5.7 30.3 10752
8 5.7 30.3 10497
9 5.7 30.3 10625
10 5.7 30.3 10795
11 5.7 30.3 11815
12 5.7 30.3 11645
13 5.7 30.3 11687
14 5.7 30.3 12835
15 5.7 30.3 12877
16 5.7 30.3 13345
17 5.7 30.3 14917
18 5.7 30.3 14875
19 5.7 30.3 14875
20 5.7 30.3 14492
21 5.7 30.3 15470
22 5.7 30.3 15810
23 5.7 30.3 16235
24 5.7 30.3 16745
25 5.7 30.3 17510
26 5.7 30.3 18232
17 4.8 26.8 13982
18 4.8 26.8 14620
22 4.8 26.8 15512
23 4.8 26.8 16065
24 4.8 26.8 16830
25 4.8 26.8 17595
26 4.8 26.8 17765
20 10.2 26.3 12452
21 10.2 26.3 13005
22 10.2 26.3 13217
23 10.2 26.3 13217
24 10.2 26.3 13175
25 10.2 26.3 14450
26 10.2 26.3 14875
4 9.6 12.5 10370
5 9.6 12.5 7820
8 9.6 12.5 10710
10 9.6 12.5 17170
11 9.6 12.5 13430
12 9.6 12.5 15682
13 9.6 12.5 10625
14 9.6 12.5 12112
15 9.6 12.5 16575
16 9.6 12.5 12707
17 9.6 12.5 12750
18 9.6 12.5 14577
19 9.6 12.5 17085
25 9.6 12.5 17000
23 8.6 13.1 19720
25 8.6 13.1 19932
26 8.6 13.1 20485
11 10.2 17.7 8542
12 10.2 17.7 9095
14 10.2 17.7 10115
15 10.2 17.7 10242
16 10.2 17.7 10667
20 10.2 17.7 13005
21 10.2 17.7 14237
22 10.2 17.7 12240
23 10.2 17.7 13132
24 10.2 17.7 13090
25 10.2 17.7 13600
26 10.2 17.7 14365
25 10.3 22.9 14110
11 17.1 24.5 10625
13 17.1 24.5 8967
14 17.1 24.5 10837
15 17.1 24.5 11900
16 17.1 24.5 13600
17 17.1 24.5 11772
18 17.1 24.5 10582
19 17.1 24.5 11475
20 17.1 24.5 10625
21 17.1 24.5 11730
24 17.1 24.5 13047
25 17.1 24.5 12622
7 17.1 24.5 8032
9 17.1 24.5 8840
11 17.1 24.5 9562
12 17.1 24.5 9307
14 17.1 24.5 10965
15 17.1 24.5 11815
16 17.1 24.5 12240
17 17.1 24.5 12112
18 17.1 24.5 11942
19 17.1 24.5 12410
22 17.1 24.5 14960
23 17.1 24.5 16320
24 17.1 24.5 15810
25 17.1 24.5 16065
26 17.1 24.5 16022
23 12.9 18.2 20145
24 12.9 18.2 21760
25 12.9 18.2 21675
26 12.9 18.2 20485
24 16.7 7.3 23375
5 14.1 19.5 7352
6 14.1 19.5 8627
7 14.1 19.5 8797
8 14.1 19.5 8925
9 14.1 19.5 9222
10 14.1 19.5 10072
11 14.1 19.5 10115
12 14.1 19.5 10327
13 14.1 19.5 10922
14 14.1 19.5 11687
15 14.1 19.5 11942
16 14.1 19.5 12325
17 14.1 19.5 12580
18 14.1 19.5 12835
19 14.1 19.5 13217
20 14.1 19.5 13005
21 14.1 19.5 13260
22 14.1 19.5 13897
23 14.1 19.5 13515
24 14.1 19.5 15300
25 14.1 19.5 13472
0 14.1 19.5 6630
1 14.1 19.5 6375
2 14.1 19.5 6545
3 14.1 19.5 7565
4 14.1 19.5 8075
5 14.1 19.5 8457
6 14.1 19.5 8542
7 14.1 19.5 9052
8 14.1 19.5 9350
9 14.1 19.5 9435
10 14.1 19.5 10625
11 14.1 19.5 10200
12 14.1 19.5 10285
13 14.1 19.5 10667
14 14.1 19.5 11730
15 14.1 19.5 11857
16 14.1 19.5 13090
17 14.1 19.5 12707
18 14.1 19.5 12750
19 14.1 19.5 14322
20 14.1 19.5 13940
21 14.1 19.5 13515
22 14.1 19.5 13642
23 14.1 19.5 12622
0 10.1 17.5 5652
1 10.1 17.5 5780
2 10.1 17.5 6120
14 10.1 17.5 11900
20 10.1 17.5 10072
23 10.1 17.5 11050
26 10.1 17.5 16830
5 13.1 23.3 9222
6 13.1 23.3 10072
7 13.1 23.3 10157
9 13.1 23.3 11900
10 13.1 23.3 11177
11 13.1 23.3 11347
12 13.1 23.3 11390
13 13.1 23.3 12155
14 13.1 23.3 12240
15 13.1 23.3 13345
16 13.1 23.3 14577
18 13.1 23.3 13685
19 13.1 23.3 15257
20 13.1 23.3 16277
21 13.1 23.3 16787
22 13.1 23.3 16787
23 13.1 23.3 18487
24 13.1 23.3 18487
25 13.1 23.3 19040
26 13.1 23.3 19040
11 13.7 24.3 9137
13 13.7 24.3 10880
14 13.7 24.3 8585
18 13.7 24.3 12325
22 13.7 24.3 12452
26 13.7 24.3 17637
24 10.5 14.4 31492
25 10.5 14.4 29410
26 10.5 14.4 31237
22 16.7 7.3 22737
25 16.7 7.3 24565
10 10.2 17.7 8882
11 10.2 17.7 9350
12 10.2 17.7 9010
14 10.2 17.7 9860
15 10.2 17.7 11050
16 10.2 17.7 10582
17 10.2 17.7 11220
18 10.2 17.7 11475
19 10.2 17.7 11390
20 10.2 17.7 11985
21 10.2 17.7 12112
22 10.2 17.7 12155
23 10.2 17.7 12155
24 10.2 17.7 12962
25 10.2 17.7 13600
26 10.2 17.7 13345
0 14.9 12.6 7947
1 14.9 12.6 7140
2 14.9 12.6 8585
3 14.9 12.6 8797
4 14.9 12.6 9690
5 14.9 12.6 11007
6 14.9 12.6 11730
7 14.9 12.6 13260
8 14.9 12.6 12367
9 14.9 12.6 14407
10 14.9 12.6 13217
11 14.9 12.6 13302
12 14.9 12.6 13897
13 14.9 12.6 14705
14 14.9 12.6 15470
15 14.9 12.6 15767
16 14.9 12.6 15682
17 14.9 12.6 16575
18 14.9 12.6 17637
19 14.9 12.6 15300
21 14.9 12.6 17722
22 14.9 12.6 16532
23 14.9 12.6 17722
24 14.9 12.6 19082
25 14.9 12.6 19805
26 14.9 12.6 20825
19 13.3 10.6 17212
20 13.3 10.6 18020
21 13.3 10.6 18317
22 13.3 10.6 17170
23 13.3 10.6 18827
24 13.3 10.6 19125
25 13.3 10.6 20315
26 13.3 10.6 21250
22 11.2 10.5 15810
24 11.2 10.5 22652
25 11.2 10.5 20570
20 16.8 4.4 43902
21 16.8 4.4 43137
22 16.8 4.4 45645
7 18.8 0 60350
9 18.8 0 53507
10 18.8 0 51000
13 18.8 0 54910
16 18.8 0 58395
19 18.8 0 70762
24 18.8 0 64047
25 18.8 0 60775
26 18.8 0 57375
7 18.8 1.4 38632
9 18.8 1.4 44285
10 18.8 1.4 44582
12 18.8 1.4 51042
13 18.8 1.4 53125
14 18.8 1.4 44242
15 18.8 1.4 46622
16 18.8 1.4 54952
18 18.8 1.4 51425
19 18.8 1.4 47515
25 18.8 1.4 51297
15 23.4 5.2 19720
16 23.4 5.2 41990
18 23.4 5.2 40757
20 23.4 5.2 40545
21 23.4 5.2 42500
22 23.4 5.2 38632
23 23.4 5.2 42500
25 23.4 5.2 44837
26 23.4 5.2 43265
1 26.5 8.9 21250
2 26.5 8.9 22100
7 26.5 8.9 33362
8 26.5 8.9 27710
9 26.5 8.9 31152
10 26.5 8.9 30642
11 26.5 8.9 31450
12 26.5 8.9 30600
13 26.5 8.9 35360
14 26.5 8.9 40587
15 26.5 8.9 32512
16 26.5 8.9 35827
17 26.5 8.9 35572
18 26.5 8.9 34637
19 26.5 8.9 30175
23 26.5 8.9 34935
24 26.5 8.9 34000
26 26.5 8.9 36252
1 25.6 8 39567
2 25.6 8 36167
4 25.6 8 44625
6 25.6 8 47642
7 25.6 8 50532
9 25.6 8 50787
10 25.6 8 46750
11 25.6 8 46750
12 25.6 8 46495
13 25.6 8 49597
14 25.6 8 47472
15 25.6 8 51000
16 25.6 8 55590
17 25.6 8 51212
18 25.6 8 55675
19 25.6 8 55802
20 25.6 8 52615
21 25.6 8 54187
22 25.6 8 61752
23 25.6 8 53422
24 25.6 8 53635
26 25.6 8 57502
20 9.8 8.9 30217
21 9.8 8.9 30472
22 9.8 8.9 30005
23 9.8 8.9 30685
24 9.8 8.9 30005
25 9.8 8.9 31875
26 9.8 8.9 31875
4 12.2 8.5 15087
7 12.2 8.5 16745
8 12.2 8.5 21207
9 12.2 8.5 20060
10 12.2 8.5 20017
12 12.2 8.5 22440
13 12.2 8.5 22057
14 12.2 8.5 26690
15 12.2 8.5 25755
16 12.2 8.5 25627
17 12.2 8.5 31832
18 12.2 8.5 26647
19 12.2 8.5 26860
20 12.2 8.5 27030
21 12.2 8.5 26307
22 12.2 8.5 24990
24 12.2 8.5 28560
25 12.2 8.5 28347
26 12.2 8.5 26180
0 9.7 8.8 13472
1 9.7 8.8 14662
2 9.7 8.8 15597
3 9.7 8.8 18700
4 9.7 8.8 19975
5 9.7 8.8 22482
6 9.7 8.8 23375
7 9.7 8.8 22992
8 9.7 8.8 23247
9 9.7 8.8 24267
10 9.7 8.8 25542
11 9.7 8.8 25500
12 9.7 8.8 25500
13 9.7 8.8 27625
14 9.7 8.8 28347
15 9.7 8.8 29027
16 9.7 8.8 30812
17 9.7 8.8 29325
18 9.7 8.8 29835
19 9.7 8.8 32215
20 9.7 8.8 30685
21 9.7 8.8 31067
22 9.7 8.8 30727
23 9.7 8.8 31025
24 9.7 8.8 30090
25 9.7 8.8 32597
26 9.7 8.8 32640
0 13 7.2 21250
1 13 7.2 19252
2 13 7.2 19762
4 13 7.2 21250
5 13 7.2 23077
6 13 7.2 25925
7 13 7.2 23162
8 13 7.2 25500
9 13 7.2 28050
10 13 7.2 27625
11 13 7.2 27837
12 13 7.2 27880
13 13 7.2 26690
14 13 7.2 27540
15 13 7.2 22227
16 13 7.2 23035
17 13 7.2 27412
18 13 7.2 26350
19 13 7.2 28942
20 13 7.2 31875
21 13 7.2 29325
22 13 7.2 30685
23 13 7.2 31195
25 13 7.2 30260
3 16.8 3.3 25500
4 16.8 3.3 25542
5 16.8 3.3 28220
6 16.8 3.3 28687
7 16.8 3.3 29792
8 16.8 3.3 29580
9 16.8 3.3 30812
10 16.8 3.3 28475
11 16.8 3.3 31067
12 16.8 3.3 31960
13 16.8 3.3 33235
14 16.8 3.3 32342
15 16.8 3.3 29580
16 16.8 3.3 34340
17 16.8 3.3 30770
18 16.8 3.3 33915
19 16.8 3.3 33702
20 16.8 3.3 33192
21 16.8 3.3 34000
22 16.8 3.3 34212
23 16.8 3.3 36507
24 16.8 3.3 34000
25 16.8 3.3 37145
26 16.8 3.3 34595
10 20 2.3 49512
13 20 2.3 50872
15 20 2.3 62942
16 20 2.3 60860
17 20 2.3 54867
18 20 2.3 60732
19 20 2.3 58947
20 20 2.3 54740
21 20 2.3 57927
22 20 2.3 58437
23 20 2.3 64770
24 20 2.3 57587
25 20 2.3 62432
26 20 2.3 58777
8 9.6 12.4 20825
11 9.6 12.4 20655
12 9.6 12.4 19507
13 9.6 12.4 19720
14 9.6 12.4 23545
15 9.6 12.4 20782
16 9.6 12.4 22737
17 9.6 12.4 23630
18 9.6 12.4 25542
19 9.6 12.4 24140
20 9.6 12.4 22822
21 9.6 12.4 25500
22 9.6 12.4 26562
23 9.6 12.4 29282
24 9.6 12.4 27242
25 9.6 12.4 28347
26 9.6 12.4 29750
25 9.6 12.4 33065
23 9.6 12.4 28305
24 9.6 12.4 30727
0 19.4 1.9 30345
1 19.4 1.9 30897
4 19.4 1.9 38250
5 19.4 1.9 41225
6 19.4 1.9 46750
7 19.4 1.9 49215
8 19.4 1.9 53422
9 19.4 1.9 48790
10 19.4 1.9 51000
11 19.4 1.9 46070
12 19.4 1.9 46325
13 19.4 1.9 49767
14 19.4 1.9 52912
15 19.4 1.9 52360
16 19.4 1.9 52317
17 19.4 1.9 49597
18 19.4 1.9 51595
19 19.4 1.9 51595
20 19.4 1.9 53932
21 19.4 1.9 58990
22 19.4 1.9 54102
24 19.4 1.9 54697
25 19.4 1.9 58820
26 19.4 1.9 59500
1 13 7.2 12112
2 13 7.2 13727
3 13 7.2 17000
4 13 7.2 14492
5 13 7.2 19252
6 13 7.2 19422
7 13 7.2 18700
8 13 7.2 20357
9 13 7.2 24140
10 13 7.2 21250
11 13 7.2 26222
12 13 7.2 23162
13 13 7.2 22100
14 13 7.2 23035
15 13 7.2 20272
16 13 7.2 22270
17 13 7.2 22567
18 13 7.2 24820
19 13 7.2 26902
26 13 7.2 21845
22 13.3 8.9 16405
24 13.3 8.9 18020
25 13.3 8.9 19040
26 13.3 8.9 19337
6 19.1 0.5 42500
9 19.1 0.5 34765
12 19.1 0.5 42797
13 19.1 0.5 42925
14 19.1 0.5 39950
15 19.1 0.5 45560
16 19.1 0.5 48535
17 19.1 0.5 43435
18 19.1 0.5 40970
19 19.1 0.5 45560
20 19.1 0.5 44200
21 19.1 0.5 42925
22 19.1 0.5 44667
23 19.1 0.5 45347
25 19.1 0.5 49852
26 19.1 0.5 46367
0 11 7.4 16320
1 11 7.4 18232
2 11 7.4 17127
3 11 7.4 19465
4 11 7.4 21292
5 11 7.4 22950
6 11 7.4 25500
7 11 7.4 24990
8 11 7.4 26435
9 11 7.4 26010
10 11 7.4 26605
11 11 7.4 28347
12 11 7.4 28560
13 11 7.4 29750
14 11 7.4 30345
15 11 7.4 30600
16 11 7.4 32172
17 11 7.4 31492
18 11 7.4 31450
19 11 7.4 34000
20 11 7.4 34340
21 11 7.4 34127
22 11 7.4 34552
23 11 7.4 33362
24 11 7.4 32810
25 11 7.4 35615
26 11 7.4 35402
16 9 9.2 26435
17 9 9.2 28347
19 9 9.2 26647
20 9 9.2 29155
22 9 9.2 28347
23 9 9.2 28475
24 9 9.2 26817
26 9 9.2 32257
23 15.4 5.5 30302
24 15.4 5.5 29750
25 15.4 5.5 34212
26 15.4 5.5 34467
0 14.8 5.6 18785
1 14.8 5.6 19635
2 14.8 5.6 21250
3 14.8 5.6 21250
4 14.8 5.6 22780
5 14.8 5.6 26562
6 14.8 5.6 29155
7 14.8 5.6 29155
8 14.8 5.6 26732
9 14.8 5.6 28857
10 14.8 5.6 27157
11 14.8 5.6 27795
12 14.8 5.6 30387
13 14.8 5.6 27582
14 14.8 5.6 30472
15 14.8 5.6 31365
16 14.8 5.6 25457
17 14.8 5.6 30345
18 14.8 5.6 27965
19 14.8 5.6 31747
20 14.8 5.6 30175
21 14.8 5.6 30047
22 14.8 5.6 32385
23 14.8 5.6 31790
24 14.8 5.6 30727
25 14.8 5.6 31875
26 14.8 5.6 31917
0 7.8 14.4 14110
1 7.8 14.4 12920
2 7.8 14.4 11602
6 7.8 14.4 13982
7 7.8 14.4 14152
8 7.8 14.4 15300
10 7.8 14.4 14535
11 7.8 14.4 14025
12 7.8 14.4 15300
13 7.8 14.4 20315
14 7.8 14.4 18700
15 7.8 14.4 18275
16 7.8 14.4 17467
17 7.8 14.4 18615
18 7.8 14.4 20527
19 7.8 14.4 17000
20 7.8 14.4 18615
22 7.8 14.4 24012
0 7.8 14.4 14790
1 7.8 14.4 14832
2 7.8 14.4 17000
3 7.8 14.4 17000
4 7.8 14.4 19252
5 7.8 14.4 19847
6 7.8 14.4 21250
7 7.8 14.4 23035
8 7.8 14.4 23290
9 7.8 14.4 23162
10 7.8 14.4 22865
11 7.8 14.4 27115
12 7.8 14.4 27497
13 7.8 14.4 26902
14 7.8 14.4 28347
15 7.8 14.4 28347
16 7.8 14.4 29962
17 7.8 14.4 32470
18 7.8 14.4 31110
19 7.8 14.4 31832
20 7.8 14.4 32937
21 7.8 14.4 35870
22 7.8 14.4 36422
23 7.8 14.4 36635
24 7.8 14.4 37187
25 7.8 14.4 38590
26 7.8 14.4 38250
24 6.5 16.9 20825
26 6.5 16.9 24012
24 8.7 26.5 30175
25 8.7 26.5 28857
26 8.7 26.5 30175
0 4 22.8 11645
1 4 22.8 12750
2 4 22.8 13812
3 4 22.8 15937
4 4 22.8 14535
5 4 22.8 15342
6 4 22.8 17382
7 4 22.8 18700
8 4 22.8 19507
9 4 22.8 18870
10 4 22.8 19847
11 4 22.8 18912
12 4 22.8 20102
13 4 22.8 22100
14 4 22.8 24607
15 4 22.8 24480
16 4 22.8 25500
17 4 22.8 26562
18 4 22.8 26052
19 4 22.8 25500
20 4 22.8 27837
21 4 22.8 27625
22 4 22.8 31365
24 4 22.8 30600
25 4 22.8 31960
26 4 22.8 33362
21 4.7 23.5 29920
23 4.7 23.5 32045
24 4.7 23.5 31705
26 4.7 23.5 33192
24 4.7 23.5 35572
3 5.4 18 9265
4 5.4 18 10200
6 5.4 18 13047
8 5.4 18 14067
9 5.4 18 13132
13 5.4 18 14577
16 5.4 18 15852
17 5.4 18 15597
18 5.4 18 16192
19 5.4 18 17000
20 5.4 18 17000
21 5.4 18 17680
22 5.4 18 16745
23 5.4 18 17850
24 5.4 18 17807
25 5.4 18 19465
26 5.4 18 19125
0 4.2 15.4 14960
1 4.2 15.4 13770
2 4.2 15.4 15300
3 4.2 15.4 14747
4 4.2 15.4 17255
5 4.2 15.4 18742
6 4.2 15.4 19847
7 4.2 15.4 20655
8 4.2 15.4 21250
9 4.2 15.4 21250
10 4.2 15.4 20740
11 4.2 15.4 20230
12 4.2 15.4 21377
13 4.2 15.4 24777
14 4.2 15.4 25500
15 4.2 15.4 25500
16 4.2 15.4 28687
17 4.2 15.4 28815
18 4.2 15.4 29835
19 4.2 15.4 30217
20 4.2 15.4 29495
21 4.2 15.4 33532
22 4.2 15.4 31875
23 4.2 15.4 33150
24 4.2 15.4 31152
25 4.2 15.4 33532
26 4.2 15.4 34765
19 4.2 15.4 30812
20 4.2 15.4 30217
21 4.2 15.4 33532
22 4.2 15.4 31875
23 4.2 15.4 32130
24 4.2 15.4 34722
25 4.2 15.4 33065
26 4.2 15.4 34552
1 8.7 9.5 12665
3 8.7 9.5 13005
4 8.7 9.5 15300
5 8.7 9.5 13770
6 8.7 9.5 14152
7 8.7 9.5 17850
8 8.7 9.5 16405
9 8.7 9.5 17510
10 8.7 9.5 17297
11 8.7 9.5 19082
12 8.7 9.5 19125
13 8.7 9.5 19125
14 8.7 9.5 20357
15 8.7 9.5 21250
16 8.7 9.5 22737
17 8.7 9.5 23545
18 8.7 9.5 22525
19 8.7 9.5 22355
20 8.7 9.5 21590
21 8.7 9.5 22397
22 8.7 9.5 23927
23 8.7 9.5 25330
24 8.7 9.5 24352
25 8.7 9.5 27370
26 8.7 9.5 25797
5 6.2 15.1 23927
6 6.2 15.1 27880
7 6.2 15.1 28645
8 6.2 15.1 29580
10 6.2 15.1 27200
16 6.2 15.1 36295
17 6.2 15.1 39397
18 6.2 15.1 38207
19 6.2 15.1 35020
21 6.2 15.1 36040
22 6.2 15.1 40800
23 6.2 15.1 38632
24 6.2 15.1 38122
25 6.2 15.1 42457
26 6.2 15.1 41565
0 3.7 17.8 8500
1 3.7 17.8 8287
2 3.7 17.8 8967
3 3.7 17.8 9095
4 3.7 17.8 10200
5 3.7 17.8 10582
6 3.7 17.8 11602
7 3.7 17.8 11687
8 3.7 17.8 12410
9 3.7 17.8 12920
10 3.7 17.8 12325
11 3.7 17.8 12367
12 3.7 17.8 12750
13 3.7 17.8 13472
14 3.7 17.8 13132
15 3.7 17.8 14450
16 3.7 17.8 15130
17 3.7 17.8 15640
18 3.7 17.8 14492
19 3.7 17.8 15555
20 3.7 17.8 15300
21 3.7 17.8 16065
22 3.7 17.8 16745
23 3.7 17.8 16745
24 3.7 17.8 16745
26 3.7 17.8 18700
0 2.7 16.5 9860
1 2.7 16.5 12750
2 2.7 16.5 13047
3 2.7 16.5 14152
4 2.7 16.5 14620
5 2.7 16.5 17382
6 2.7 16.5 16447
7 2.7 16.5 17000
8 2.7 16.5 17382
9 2.7 16.5 20400
10 2.7 16.5 16787
11 2.7 16.5 18487
12 2.7 16.5 20017
13 2.7 16.5 21972
14 2.7 16.5 21462
15 2.7 16.5 23290
16 2.7 16.5 24140
17 2.7 16.5 23205
18 2.7 16.5 28092
19 2.7 16.5 29580
20 2.7 16.5 26605
22 2.7 16.5 29750
23 2.7 16.5 28347
24 2.7 16.5 30855
25 2.7 16.5 29750
26 2.7 16.5 29027
18 2.9 17.2 14365
19 2.9 17.2 13515
20 2.9 17.2 14322
21 2.9 17.2 14875
22 2.9 17.2 16022
23 2.9 17.2 15640
24 2.9 17.2 17000
25 2.9 17.2 18572
26 2.9 17.2 17807
0 9.4 19.3 9222
1 9.4 19.3 9392
2 9.4 19.3 9435
3 9.4 19.3 10540
5 9.4 19.3 12240
6 9.4 19.3 11135
11 9.4 19.3 15385
12 9.4 19.3 14152
13 9.4 19.3 17297
14 9.4 19.3 16107
15 9.4 19.3 14960
16 9.4 19.3 18912
17 9.4 19.3 19932
18 9.4 19.3 19422
19 9.4 19.3 21802
20 9.4 19.3 20017
21 9.4 19.3 21420
22 9.4 19.3 23800
23 9.4 19.3 25925
24 9.4 19.3 23120
25 9.4 19.3 24947
26 9.4 19.3 25797
8 4 22.8 15172
11 4 22.8 16617
14 4 22.8 18402
16 4 22.8 20400
18 4 22.8 22567
19 4 22.8 21547
21 4 22.8 23545
22 4 22.8 26392
23 4 22.8 30175
24 4 22.8 30727
25 4 22.8 29367
26 4 22.8 29367
21 41.3 56.2 4250
22 41.3 56.2 4207
23 41.3 56.2 4632
24 41.3 56.2 4462
25 41.3 56.2 4420
26 41.3 56.2 4590
7 44.5 62.7 2040
9 44.5 62.7 2380
10 44.5 62.7 2337
11 44.5 62.7 2507
12 44.5 62.7 2422
13 44.5 62.7 2635
14 44.5 62.7 2677
15 44.5 62.7 2720
16 44.5 62.7 2720
17 44.5 62.7 2677
18 44.5 62.7 2975
19 44.5 62.7 2720
20 44.5 62.7 2847
21 44.5 62.7 2592
22 44.5 62.7 2720
23 44.5 62.7 2890
24 44.5 62.7 2805
25 44.5 62.7 2847
26 44.5 62.7 3102
22 47.6 62.5 3655
23 47.6 62.5 3400
26 47.6 62.5 3442
14 70.3 85.2 1955
15 70.3 85.2 1955
16 70.3 85.2 2040
17 70.3 85.2 2125
18 70.3 85.2 2210
19 70.3 85.2 2210
20 70.3 85.2 2210
21 70.3 85.2 2210
22 70.3 85.2 2295
23 70.3 85.2 2125
24 70.3 85.2 2210
25 70.3 85.2 2337
26 70.3 85.2 2252
0 52.7 67.7 1190
3 52.7 67.7 1360
4 52.7 67.7 1360
5 52.7 67.7 1487
6 52.7 67.7 1615
7 52.7 67.7 1785
8 52.7 67.7 1785
9 52.7 67.7 1955
10 52.7 67.7 2167
11 52.7 67.7 2210
12 52.7 67.7 2337
13 52.7 67.7 2252
14 52.7 67.7 2380
15 52.7 67.7 2252
16 52.7 67.7 2380
17 52.7 67.7 2550
18 52.7 67.7 2507
19 52.7 67.7 2635
20 52.7 67.7 2677
21 52.7 67.7 2720
22 52.7 67.7 2720
23 52.7 67.7 2805
24 52.7 67.7 2805
25 52.7 67.7 2720
26 52.7 67.7 2890
19 52.7 67.7 2507
20 52.7 67.7 2635
21 52.7 67.7 2635
22 52.7 67.7 2635
23 52.7 67.7 2720
24 52.7 67.7 2805
25 52.7 67.7 2762
26 52.7 67.7 2847
19 52.7 67.7 2762
20 52.7 67.7 2890
21 52.7 67.7 2890
22 52.7 67.7 2890
23 52.7 67.7 2932
24 52.7 67.7 2932
25 52.7 67.7 2890
26 52.7 67.7 3017
26 51.8 67.4 3230
15 34.9 49.8 2847
16 34.9 49.8 2507
17 34.9 49.8 2125
18 34.9 49.8 2125
19 34.9 49.8 2295
20 34.9 49.8 2380
23 34.9 49.8 2805
0 39.1 54.7 2295
1 39.1 54.7 2252
2 39.1 54.7 2380
3 39.1 54.7 2252
4 39.1 54.7 2677
5 39.1 54.7 2890
6 39.1 54.7 2550
7 39.1 54.7 3145
8 39.1 54.7 3527
9 39.1 54.7 3612
10 39.1 54.7 3527
11 39.1 54.7 3655
12 39.1 54.7 3740
13 39.1 54.7 3910
14 39.1 54.7 4462
15 39.1 54.7 4845
16 39.1 54.7 4845
17 39.1 54.7 4760
18 39.1 54.7 4717
19 39.1 54.7 4335
20 39.1 54.7 4717
21 39.1 54.7 4250
22 39.1 54.7 4590
23 39.1 54.7 4760
24 39.1 54.7 4887
25 39.1 54.7 5185
26 39.1 54.7 5440
0 34.5 58.2 2337
1 34.5 58.2 2252
2 34.5 58.2 2380
3 34.5 58.2 2422
4 34.5 58.2 2422
5 34.5 58.2 2635
6 34.5 58.2 2805
7 34.5 58.2 3060
8 34.5 58.2 3272
9 34.5 58.2 3400
10 34.5 58.2 3782
11 34.5 58.2 3825
12 34.5 58.2 4037
13 34.5 58.2 4122
14 34.5 58.2 4165
15 34.5 58.2 4420
16 34.5 58.2 4632
17 34.5 58.2 4717
18 34.5 58.2 4887
19 34.5 58.2 4802
20 34.5 58.2 4717
21 34.5 58.2 5015
22 34.5 58.2 5100
23 34.5 58.2 5185
24 34.5 58.2 5100
25 34.5 58.2 5397
26 34.5 58.2 5397
25 41.9 56.8 5227
26 41.9 56.8 5525
16 25.7 40.6 5992
17 25.7 40.6 5270
18 25.7 40.6 5780
19 25.7 40.6 6332
20 25.7 40.6 6757
21 25.7 40.6 6502
22 25.7 40.6 7437
23 25.7 40.6 6502
24 25.7 40.6 6757
25 25.7 40.6 6842
26 25.7 40.6 7055
4 39.1 59 2125
6 39.1 59 2592
7 39.1 59 2465
8 39.1 59 2975
10 39.1 59 3187
11 39.1 59 3230
12 39.1 59 2762
13 39.1 59 3400
14 39.1 59 3655
15 39.1 59 3655
16 39.1 59 3485
17 39.1 59 3485
18 39.1 59 3442
19 39.1 59 3825
0 40.4 55.3 2295
1 40.4 55.3 2082
2 40.4 55.3 2167
3 40.4 55.3 2380
4 40.4 55.3 2380
5 40.4 55.3 2380
6 40.4 55.3 2592
7 40.4 55.3 2762
8 40.4 55.3 2720
9 40.4 55.3 3060
10 40.4 55.3 3102
11 40.4 55.3 3442
12 40.4 55.3 3612
13 40.4 55.3 3697
14 40.4 55.3 3782
15 40.4 55.3 3910
16 40.4 55.3 4080
17 40.4 55.3 4250
18 40.4 55.3 4420
19 40.4 55.3 4505
20 40.4 55.3 4845
21 40.4 55.3 4632
22 40.4 55.3 4632
23 40.4 55.3 4802
24 40.4 55.3 4887
25 40.4 55.3 4802
26 40.4 55.3 5057
18 70.7 80.6 2337
19 70.7 80.6 2380
20 70.7 80.6 2210
21 70.7 80.6 2295
22 70.7 80.6 2295
23 70.7 80.6 2380
24 70.7 80.6 2210
25 70.7 80.6 2337
26 70.7 80.6 2380
24 51.4 67 2507
25 51.4 67 2507
6 42.1 57 2635
7 42.1 57 2847
9 42.1 57 3187
10 42.1 57 3357
12 42.1 57 3825
13 42.1 57 3655
14 42.1 57 3910
15 42.1 57 4080
16 42.1 57 4292
17 42.1 57 4207
18 42.1 57 4675
19 42.1 57 4802
20 42.1 57 4845
21 42.1 57 4717
22 42.1 57 4760
23 42.1 57 4972
24 42.1 57 5312
25 42.1 57 5015
26 42.1 57 5312
22 24.1 39 6502
24 24.1 39 6545
16 78 87.9 2167
17 78 87.9 2125
18 78 87.9 2295
19 78 87.9 2380
20 78 87.9 2295
21 78 87.9 2847
22 78 87.9 2805
24 78 87.9 2295
25 61.3 68.6 2635
25 53.5 69.1 2762
12 71.3 91.5 1657
15 71.3 91.5 2040
16 71.3 91.5 2337
17 71.3 91.5 2465
18 71.3 91.5 2167
19 71.3 91.5 2252
20 71.3 91.5 2210
21 71.3 91.5 2040
22 71.3 91.5 2082
23 71.3 91.5 2252
24 71.3 91.5 2337
25 71.3 91.5 2507
26 71.3 91.5 2720
24 269 69.2 2677
25 269 69.2 2592
26 54.7 70.4 2465
20 39.9 55.5 4250
21 39.9 55.5 4165
22 39.9 55.5 4122
25 39.9 55.5 4802
17 34.9 57.4 4207
18 34.9 57.4 4207
19 34.9 57.4 4250
20 34.9 57.4 4377
21 34.9 57.4 4080
22 34.9 57.4 4377
24 34.9 57.4 4760
25 34.9 57.4 5312
26 34.9 57.4 5270
14 51.3 79.2 2507
15 51.3 79.2 2295
16 51.3 79.2 2932
17 51.3 79.2 2635
18 51.3 79.2 2805
19 51.3 79.2 2890
20 51.3 79.2 2635
21 51.3 79.2 2805
22 51.3 79.2 3017
23 51.3 79.2 2847
24 51.3 79.2 2805
25 51.3 79.2 2890
26 51.3 79.2 3187
13 42.1 60.9 3060
14 42.1 60.9 3102
15 42.1 60.9 3102
16 42.1 60.9 2847
19 42.1 60.9 3612
20 42.1 60.9 3782
22 42.1 60.9 3910
23 42.1 60.9 3867
24 42.1 60.9 3357
25 42.1 60.9 3740
26 42.1 60.9 3442
17 33.8 44.6 6587
18 33.8 44.6 6842
19 33.8 44.6 7522
20 33.8 44.6 7437
21 33.8 44.6 7437
22 33.8 44.6 7735
23 33.8 44.6 7862
24 33.8 44.6 7905
25 33.8 44.6 7820
26 33.8 44.6 8160
5 24 38.9 3910
6 24 38.9 4675
8 24 38.9 5227
9 24 38.9 5610
10 24 38.9 5525
11 24 38.9 5355
12 24 38.9 6162
13 24 38.9 6290
14 24 38.9 6375
15 24 38.9 6842
16 24 38.9 7310
17 24 38.9 7352
18 24 38.9 7777
19 24 38.9 8500
20 24 38.9 7437
21 24 38.9 8245
22 24 38.9 7777
23 24 38.9 8287
24 24 38.9 8415
25 24 38.9 7777
26 24 38.9 8160
22 36.5 41.6 7820
23 36.5 41.6 7947
24 36.5 41.6 8160
25 36.5 41.6 8542
26 36.5 41.6 8160
23 20.8 35.6 9945
24 20.8 35.6 9902
25 20.8 35.6 10412
26 20.8 35.6 10327
21 22.2 37.1 10710
22 22.2 37.1 11092
23 22.2 37.1 10625
24 22.2 37.1 10922
25 22.2 37.1 10540
26 22.2 37.1 11347
8 23.5 38.4 5142
9 23.5 38.4 5312
10 23.5 38.4 5822
11 23.5 38.4 6332
12 23.5 38.4 6247
13 23.5 38.4 6290
14 23.5 38.4 6630
15 23.5 38.4 6672
16 23.5 38.4 7267
17 23.5 38.4 7777
18 23.5 38.4 8117
19 23.5 38.4 8160
20 23.5 38.4 8500
21 23.5 38.4 8670
22 23.5 38.4 8840
23 23.5 38.4 8797
24 23.5 38.4 9137
25 23.5 38.4 9392
26 23.5 38.4 9435
25 23.3 38.2 9775
26 23.3 38.2 10242
8 375 1.8 4462
9 375 1.8 4632
10 375 1.8 4972
11 375 1.8 5185
12 375 1.8 5525
13 375 1.8 5822
14 375 1.8 5907
15 375 1.8 6460
16 375 1.8 6502
17 375 1.8 6927
18 375 1.8 6970
19 375 1.8 7055
20 375 1.8 7395
21 375 1.8 7140
22 375 1.8 7522
23 375 1.8 7692
24 375 1.8 7522
25 375 1.8 8075
26 375 1.8 8457
0 28 46.8 3315
1 28 46.8 3315
2 28 46.8 3230
3 28 46.8 3357
4 28 46.8 3485
5 28 46.8 3655
6 28 46.8 3995
7 28 46.8 4675
8 28 46.8 4717
9 28 46.8 4930
10 28 46.8 5270
11 28 46.8 5610
12 28 46.8 5822
13 28 46.8 6035
14 28 46.8 6247
15 28 46.8 6545
16 28 46.8 6715
17 28 46.8 7140
18 28 46.8 7352
19 28 46.8 7565
20 28 46.8 7565
21 28 46.8 7650
22 28 46.8 7777
23 28 46.8 7905
24 28 46.8 7862
25 28 46.8 8287
26 28 46.8 8670
0 37.6 42.7 4420
1 37.6 42.7 4462
2 37.6 42.7 4760
3 37.6 42.7 5015
4 37.6 42.7 5100
5 37.6 42.7 5652
6 37.6 42.7 5992
7 37.6 42.7 6375
8 37.6 42.7 6460
9 37.6 42.7 6800
10 37.6 42.7 7012
11 37.6 42.7 7437
12 37.6 42.7 7820
13 37.6 42.7 8245
14 37.6 42.7 8840
15 37.6 42.7 9052
16 37.6 42.7 10072
17 37.6 42.7 10285
18 37.6 42.7 10795
19 37.6 42.7 10880
20 37.6 42.7 11347
21 37.6 42.7 11772
22 37.6 42.7 11432
23 37.6 42.7 11687
24 37.6 42.7 11475
2 24.8 39.7 6077
3 24.8 39.7 6375
4 24.8 39.7 6375
5 24.8 39.7 7055
6 24.8 39.7 7607
7 24.8 39.7 7607
8 24.8 39.7 8287
9 24.8 39.7 8287
10 24.8 39.7 8925
11 24.8 39.7 9647
12 24.8 39.7 9987
13 24.8 39.7 10540
14 24.8 39.7 10540
15 24.8 39.7 11857
16 24.8 39.7 13642
17 24.8 39.7 14025
18 24.8 39.7 14662
19 24.8 39.7 14280
21 24.8 39.7 10285
22 24.8 39.7 10795
16 28.4 43.3 3187
17 28.4 43.3 2592
18 28.4 43.3 3145
19 28.4 43.3 2890
20 28.4 43.3 2975
21 28.4 43.3 2890
22 28.4 43.3 2975
24 28.4 43.3 3230
25 28.4 43.3 3145
26 28.4 43.3 3272
8 25.7 40.6 3782
11 25.7 40.6 4590
13 25.7 40.6 5355
14 25.7 40.6 5355
15 25.7 40.6 6162
16 25.7 40.6 6120
17 25.7 40.6 6502
18 25.7 40.6 6587
19 25.7 40.6 6587
20 25.7 40.6 6800
21 25.7 40.6 7097
22 25.7 40.6 7140
23 25.7 40.6 6970
24 25.7 40.6 7225
25 25.7 40.6 7820
26 25.7 40.6 7820
8 24 38.4 4930
9 24 38.4 5737
10 24 38.4 6035
11 24 38.4 6247
12 24 38.4 5822
13 24 38.4 6630
14 24 38.4 7097
15 24 38.4 7480
16 24 38.4 7990
17 24 38.4 8287
18 24 38.4 8075
19 24 38.4 8797
20 24 38.4 8330
21 24 38.4 8670
22 24 38.4 8755
23 24 38.4 9052
24 24 38.4 8967
25 24 38.4 9605
26 24 38.4 10667
1 34 43.8 2762
3 34 43.8 2762
4 34 43.8 2975
5 34 43.8 3230
6 34 43.8 3527
7 34 43.8 4037
8 34 43.8 4292
9 34 43.8 4420
10 34 43.8 4717
11 34 43.8 4760
12 34 43.8 5142
13 34 43.8 5312
14 34 43.8 5695
15 34 43.8 5907
16 34 43.8 6205
17 34 43.8 6417
18 34 43.8 6672
19 34 43.8 6800
20 34 43.8 6800
21 34 43.8 6842
22 34 43.8 7012
23 34 43.8 7055
24 34 43.8 7140
25 34 43.8 7522
26 34 43.8 7990
24 27.9 42.8 3910
13 35 43.3 5780
14 35 43.3 6672
15 35 43.3 6417
16 35 43.3 6460
17 35 43.3 6800
18 35 43.3 7352
19 35 43.3 7437
20 35 43.3 7650
21 35 43.3 7650
22 35 43.3 8075
23 35 43.3 8202
24 35 43.3 8075
25 35 43.3 8415
26 35 43.3 8542
16 20.6 35.5 9095
18 20.6 35.5 9350
19 20.6 35.5 9902
20 20.6 35.5 9562
21 20.6 35.5 10455
22 20.6 35.5 10922
23 20.6 35.5 10200
24 20.6 35.5 10667
25 20.6 35.5 10582
26 20.6 35.5 11985
23 24.9 39.8 9180
25 24.9 39.8 7437
26 24.9 39.8 7437
0 24 38.9 3655
1 24 38.9 3400
2 24 38.9 3570
3 24 38.9 3442
4 24 38.9 3952
5 24 38.9 4122
6 24 38.9 4632
7 24 38.9 4930
8 24 38.9 5185
9 24 38.9 5737
10 24 38.9 5780
11 24 38.9 6120
12 24 38.9 5865
13 24 38.9 6715
14 24 38.9 6715
15 24 38.9 6800
16 24 38.9 7182
17 24 38.9 7650
18 24 38.9 7777
19 24 38.9 7395
20 24 38.9 7947
21 24 38.9 8415
22 24 38.9 8500
23 24 38.9 8372
24 24 38.9 8712
25 24 38.9 8202
26 24 38.9 8755
19 18 32.8 9222
20 18 32.8 9052
21 18 32.8 9307
23 18 32.8 9902
24 18 32.8 9775
25 18 32.8 9902
26 18 32.8 9987
21 21.1 35.9 6885
24 21.1 35.9 6375
25 21.1 35.9 7437
15 18.8 33.6 8500
17 18.8 33.6 9435
18 18.8 33.6 9902
19 18.8 33.6 10200
20 18.8 33.6 11262
21 18.8 33.6 10922
22 18.8 33.6 9350
23 18.8 33.6 9307
24 18.8 33.6 9392
26 18.8 33.6 11772
0 24.3 39.2 4080
1 24.3 39.2 4037
2 24.3 39.2 4207
3 24.3 39.2 4462
4 24.3 39.2 5057
5 24.3 39.2 4675
6 24.3 39.2 5567
7 24.3 39.2 5652
8 24.3 39.2 5992
9 24.3 39.2 6587
10 24.3 39.2 6502
11 24.3 39.2 7097
12 24.3 39.2 7395
13 24.3 39.2 8032
14 24.3 39.2 8117
15 24.3 39.2 8797
16 24.3 39.2 8967
17 24.3 39.2 9222
18 24.3 39.2 9775
19 24.3 39.2 9562
20 24.3 39.2 8202
21 24.3 39.2 9350
22 24.3 39.2 9095
23 24.3 39.2 9477
24 24.3 39.2 9902
25 24.3 39.2 9307
26 24.3 39.2 9350
0 24.6 39.5 3825
1 24.6 39.5 3740
2 24.6 39.5 3697
3 24.6 39.5 4080
4 24.6 39.5 3952
5 24.6 39.5 4462
6 24.6 39.5 5185
7 24.6 39.5 5312
8 24.6 39.5 5355
9 24.6 39.5 5950
10 24.6 39.5 6077
11 24.6 39.5 6375
12 24.6 39.5 6757
13 24.6 39.5 6970
14 24.6 39.5 7395
15 24.6 39.5 7777
16 24.6 39.5 8245
17 24.6 39.5 8500
18 24.6 39.5 8500
19 24.6 39.5 8712
20 24.6 39.5 8925
21 24.6 39.5 9222
22 24.6 39.5 9307
23 24.6 39.5 9605
24 24.6 39.5 9477
25 24.6 39.5 9732
26 24.6 39.5 10030
10 18.7 33.6 7777
11 18.7 33.6 7947
12 18.7 33.6 8755
13 18.7 33.6 9265
14 18.7 33.6 9265
15 18.7 33.6 9605
16 18.7 33.6 11220
17 18.7 33.6 11475
18 18.7 33.6 10625
19 18.7 33.6 11772
20 18.7 33.6 11900
21 18.7 33.6 11730
22 18.7 33.6 12622
23 18.7 33.6 12282
24 18.7 33.6 12792
25 18.7 33.6 12027
26 18.7 33.6 13047
20 33.2 52 6927
21 33.2 52 6970
22 33.2 52 6842
23 33.2 52 6885
24 33.2 52 7267
25 33.2 52 7225
26 33.2 52 7140
0 19.3 34.1 4972
1 19.3 34.1 5227
2 19.3 34.1 5227
3 19.3 34.1 5355
4 19.3 34.1 5440
5 19.3 34.1 5780
7 19.3 34.1 6120
8 19.3 34.1 7097
9 19.3 34.1 7310
10 19.3 34.1 7692
11 19.3 34.1 7735
12 19.3 34.1 8075
13 19.3 34.1 8542
14 19.3 34.1 9137
15 19.3 34.1 9817
16 19.3 34.1 9690
17 19.3 34.1 10540
18 19.3 34.1 10710
19 19.3 34.1 11135
20 19.3 34.1 10625
21 19.3 34.1 11050
22 19.3 34.1 11347
23 19.3 34.1 11772
24 19.3 34.1 12367
25 19.3 34.1 11772
26 19.3 34.1 11432
23 26.3 41.2 6970
24 26.3 41.2 7310
25 26.3 41.2 8032
26 26.3 41.2 8117
9 25.9 40.8 5270
10 25.9 40.8 5440
11 25.9 40.8 5822
12 25.9 40.8 6332
13 25.9 40.8 6757
14 25.9 40.8 6970
15 25.9 40.8 7097
16 25.9 40.8 7692
18 25.9 40.8 8287
19 25.9 40.8 8415
20 25.9 40.8 8755
21 25.9 40.8 9520
22 25.9 40.8 9010
24 25.9 40.8 11007
25 25.9 40.8 11475
26 25.9 40.8 11772
0 23.4 38.3 4760
1 23.4 38.3 4165
2 23.4 38.3 4420
3 23.4 38.3 4335
4 23.4 38.3 5185
5 23.4 38.3 4760
6 23.4 38.3 5397
7 23.4 38.3 5652
8 23.4 38.3 6120
9 23.4 38.3 6205
10 23.4 38.3 7097
11 23.4 38.3 6757
12 23.4 38.3 7182
13 23.4 38.3 7565
14 23.4 38.3 7735
15 23.4 38.3 8500
16 23.4 38.3 8925
17 23.4 38.3 9180
18 23.4 38.3 9605
19 23.4 38.3 9477
20 23.4 38.3 10072
21 23.4 38.3 10242
22 23.4 38.3 10412
23 23.4 38.3 10412
24 23.4 38.3 10327
25 23.4 38.3 10667
26 23.4 38.3 10412
0 22.9 37.8 4505
1 22.9 37.8 4165
2 22.9 37.8 4080
3 22.9 37.8 4292
4 22.9 37.8 4972
5 22.9 37.8 4930
6 22.9 37.8 5227
7 22.9 37.8 5525
8 22.9 37.8 5992
9 22.9 37.8 6332
10 22.9 37.8 6332
11 22.9 37.8 7012
12 22.9 37.8 7267
13 22.9 37.8 7692
14 22.9 37.8 8117
15 22.9 37.8 8500
16 22.9 37.8 8755
17 22.9 37.8 9180
18 22.9 37.8 9605
19 22.9 37.8 9775
20 22.9 37.8 9732
21 22.9 37.8 9180
22 22.9 37.8 9817
23 22.9 37.8 9562
24 22.9 37.8 10497
25 22.9 37.8 10667
26 22.9 37.8 10667
20 9 27.7 7437
21 9 27.7 7650
22 9 27.7 7735
23 9 27.7 7522
21 21 35.9 10625
22 21 35.9 10880
23 21 35.9 11815
24 21 35.9 10922
25 21 35.9 11560
26 21 35.9 10625
21 22.1 37 10710
22 22.1 37 10922
23 22.1 37 10327
24 22.1 37 10795
25 22.1 37 10455
26 22.1 37 11092
0 19.9 34.8 4802
1 19.9 34.8 5100
2 19.9 34.8 4845
3 19.9 34.8 5185
4 19.9 34.8 5397
5 19.9 34.8 5737
6 19.9 34.8 6502
7 19.9 34.8 6800
8 19.9 34.8 7352
9 19.9 34.8 7480
10 19.9 34.8 7990
11 19.9 34.8 8500
12 19.9 34.8 8925
13 19.9 34.8 8797
14 19.9 34.8 9392
15 19.9 34.8 10030
16 19.9 34.8 9860
17 19.9 34.8 10497
18 19.9 34.8 10370
19 19.9 34.8 11687
21 19.9 34.8 12877
22 19.9 34.8 12495
23 19.9 34.8 11560
24 19.9 34.8 11602
25 19.9 34.8 11985
0 20 34.8 3910
1 20 34.8 3782
2 20 34.8 4165
3 20 34.8 4590
4 20 34.8 4717
5 20 34.8 5482
6 20 34.8 5355
7 20 34.8 5397
8 20 34.8 6247
9 20 34.8 6120
10 20 34.8 6460
11 20 34.8 7055
12 20 34.8 7565
13 20 34.8 8075
14 20 34.8 7607
15 20 34.8 8075
16 20 34.8 8670
17 20 34.8 8755
18 20 34.8 9180
19 20 34.8 9095
20 20 34.8 9052
21 20 34.8 9137
22 20 34.8 8882
23 20 34.8 10200
24 20 34.8 9095
25 20 34.8 9775
26 20 34.8 10200
0 25.4 40.3 4122
1 25.4 40.3 3995
2 25.4 40.3 4250
3 25.4 40.3 4335
4 25.4 40.3 4760
5 25.4 40.3 5015
6 25.4 40.3 5312
7 25.4 40.3 5652
8 25.4 40.3 6035
9 25.4 40.3 6247
10 25.4 40.3 6417
11 25.4 40.3 6842
12 25.4 40.3 7182
13 25.4 40.3 7310
14 25.4 40.3 7735
15 25.4 40.3 8202
16 25.4 40.3 8500
17 25.4 40.3 8755
18 25.4 40.3 8925
19 25.4 40.3 8967
20 25.4 40.3 8075
21 25.4 40.3 8160
22 25.4 40.3 8372
23 25.4 40.3 8500
24 25.4 40.3 8500
25 25.4 40.3 8755
26 25.4 40.3 9137
0 21.2 36.1 4122
1 21.2 36.1 4080
2 21.2 36.1 4377
8 21.2 36.1 6247
9 21.2 36.1 6077
10 21.2 36.1 6757
11 21.2 36.1 5440
12 21.2 36.1 6800
13 21.2 36.1 7735
14 21.2 36.1 7437
15 21.2 36.1 8372
16 21.2 36.1 8882
17 21.2 36.1 8882
18 21.2 36.1 9435
19 21.2 36.1 9180
20 21.2 36.1 9265
21 21.2 36.1 9095
22 21.2 36.1 9307
23 21.2 36.1 8500
24 21.2 36.1 8967
25 21.2 36.1 8712
26 21.2 36.1 9350
0 25.2 1.8 4930
1 25.2 1.8 4377
2 25.2 1.8 4335
3 25.2 1.8 4675
4 25.2 1.8 5142
5 25.2 1.8 5355
6 25.2 1.8 5695
7 25.2 1.8 6162
8 25.2 1.8 6502
9 25.2 1.8 6672
10 25.2 1.8 6842
11 25.2 1.8 7055
12 25.2 1.8 7735
13 25.2 1.8 7650
14 25.2 1.8 8117
15 25.2 1.8 8585
16 25.2 1.8 9180
17 25.2 1.8 9647
18 25.2 1.8 9732
19 25.2 1.8 9945
20 25.2 1.8 9987
21 25.2 1.8 10157
22 25.2 1.8 10157
23 25.2 1.8 10625
24 25.2 1.8 10582
25 25.2 1.8 10625
26 25.2 1.8 10497
0 22.6 3.6 4122
1 22.6 3.6 3655
20 22.6 3.6 9775
21 22.6 3.6 9222
22 22.6 3.6 10115
23 22.6 3.6 10115
24 22.6 3.6 10455
25 22.6 3.6 10497
26 22.6 3.6 10667
6 37.3 44 3697
7 37.3 44 4250
8 37.3 44 4590
9 37.3 44 4717
10 37.3 44 5185
11 37.3 44 5270
12 37.3 44 5355
13 37.3 44 5737
14 37.3 44 6077
15 37.3 44 6460
16 37.3 44 6800
17 37.3 44 7140
18 37.3 44 7267
19 37.3 44 7310
20 37.3 44 7692
21 37.3 44 7735
22 37.3 44 8075
23 37.3 44 7905
24 37.3 44 8117
25 37.3 44 8372
26 37.3 44 8372
15 19.3 34.1 7777
16 19.3 34.1 8500
17 19.3 34.1 8500
18 19.3 34.1 8287
19 19.3 34.1 8245
21 19.3 34.1 9307
24 19.3 34.1 9095
25 19.3 34.1 9265
26 19.3 34.1 9307
2 6 24.8 8500
3 6 24.8 8967
4 6 24.8 9945
5 6 24.8 10370
6 6 24.8 11305
7 6 24.8 12877
8 6 24.8 11900
9 6 24.8 12962
10 6 24.8 13345
11 6 24.8 13855
12 6 24.8 13897
13 6 24.8 14152
14 6 24.8 14450
15 6 24.8 14960
16 6 24.8 15767
17 6 24.8 15852
18 6 24.8 15555
19 6 24.8 16320
20 6 24.8 16022
21 6 24.8 15597
22 6 24.8 16957
23 6 24.8 17595
24 6 24.8 15342
26 6 24.8 18700
4 6.6 25.4 10752
5 6.6 25.4 12027
6 6.6 25.4 13260
7 6.6 25.4 13897
8 6.6 25.4 14152
9 6.6 25.4 14577
10 6.6 25.4 14832
11 6.6 25.4 14662
12 6.6 25.4 15597
13 6.6 25.4 16320
14 6.6 25.4 16277
15 6.6 25.4 17000
16 6.6 25.4 18232
17 6.6 25.4 17935
18 6.6 25.4 18402
19 6.6 25.4 19125
20 6.6 25.4 20060
21 6.6 25.4 20442
22 6.6 25.4 21080
23 6.6 25.4 21080
24 6.6 25.4 22525
25 6.6 25.4 23035
26 6.6 25.4 22652
20 12.4 31.2 5950
22 12.4 31.2 5992
23 12.4 31.2 6502
24 12.4 31.2 6927
25 12.4 31.2 6205
20 13.9 32.7 10795
21 13.9 32.7 10922
22 13.9 32.7 11092
23 13.9 32.7 11645
24 13.9 32.7 12877
25 13.9 32.7 12877
26 13.9 32.7 13005
23 4.9 25.2 17425
24 4.9 25.2 17680
26 4.9 25.2 17425
0 2 22.9 6247
1 2 22.9 6375
2 2 22.9 6545
3 2 22.9 7650
4 2 22.9 7097
5 2 22.9 7692
6 2 22.9 8500
7 2 22.9 9052
8 2 22.9 9222
9 2 22.9 9605
10 2 22.9 10200
11 2 22.9 10200
12 2 22.9 10625
13 2 22.9 11220
14 2 22.9 11262
15 2 22.9 11985
16 2 22.9 12282
17 2 22.9 11985
18 2 22.9 12750
19 2 22.9 13260
20 2 22.9 13217
21 2 22.9 13430
22 2 22.9 13982
23 2 22.9 14322
24 2 22.9 13940
25 2 22.9 14875
26 2 22.9 15470
0 2 22.9 8755
1 2 22.9 8500
2 2 22.9 9435
3 2 22.9 9860
4 2 22.9 10030
5 2 22.9 10880
6 2 22.9 11135
7 2 22.9 12495
8 2 22.9 12452
9 2 22.9 13345
10 2 22.9 13770
11 2 22.9 13855
12 2 22.9 13897
13 2 22.9 14025
14 2 22.9 14577
15 2 22.9 15852
16 2 22.9 16447
17 2 22.9 17000
18 2 22.9 16702
19 2 22.9 17510
20 2 22.9 16787
21 2 22.9 17425
22 2 22.9 17850
23 2 22.9 18402
24 2 22.9 18232
25 2 22.9 19422
26 2 22.9 19337
20 14 32.8 13600
21 14 32.8 13600
22 14 32.8 13302
23 14 32.8 13855
24 14 32.8 14237
25 14 32.8 15937
26 14 32.8 14747
20 11.5 9.9 13642
21 11.5 9.9 13430
22 11.5 9.9 14025
23 11.5 9.9 13982
24 11.5 9.9 15640
25 11.5 9.9 16320
26 11.5 9.9 17085
0 15.3 34.1 5355
1 15.3 34.1 4632
2 15.3 34.1 5355
3 15.3 34.1 5780
4 15.3 34.1 6545
5 15.3 34.1 6715
6 15.3 34.1 7352
7 15.3 34.1 7650
8 15.3 34.1 7650
9 15.3 34.1 8160
10 15.3 34.1 8797
11 15.3 34.1 8670
12 15.3 34.1 8500
13 15.3 34.1 8925
14 15.3 34.1 9562
15 15.3 34.1 9775
16 15.3 34.1 9987
17 15.3 34.1 10625
18 15.3 34.1 10625
19 15.3 34.1 11007
20 15.3 34.1 10327
21 15.3 34.1 11517
22 15.3 34.1 11177
23 15.3 34.1 12155
24 15.3 34.1 11687
26 15.3 34.1 13472
0 20.2 39 5312
1 20.2 39 5100
2 20.2 39 5397
3 20.2 39 5737
4 20.2 39 6630
5 20.2 39 7225
6 20.2 39 7437
7 20.2 39 7820
8 20.2 39 8415
9 20.2 39 8500
10 20.2 39 8755
11 20.2 39 9052
12 20.2 39 9222
13 20.2 39 9860
14 20.2 39 9562
15 20.2 39 10200
16 20.2 39 10412
17 20.2 39 11135
18 20.2 39 11602
19 20.2 39 11390
20 20.2 39 11560
21 20.2 39 11900
22 20.2 39 11772
23 20.2 39 12750
24 20.2 39 13217
25 20.2 39 13175
26 20.2 39 13770
15 2.4 21.2 13727
16 2.4 21.2 13005
17 2.4 21.2 12665
18 2.4 21.2 12835
20 2.4 21.2 13600
21 2.4 21.2 13727
22 2.4 21.2 18530
25 2.4 21.2 15045
26 2.4 21.2 17510
1 18.1 36.8 4717
2 18.1 36.8 4632
3 18.1 36.8 5100
4 18.1 36.8 5907
5 18.1 36.8 6162
6 18.1 36.8 6757
7 18.1 36.8 7395
8 18.1 36.8 7565
9 18.1 36.8 7395
10 18.1 36.8 7947
11 18.1 36.8 8117
12 18.1 36.8 8500
13 18.1 36.8 8840
14 18.1 36.8 8500
15 18.1 36.8 9265
16 18.1 36.8 9350
17 18.1 36.8 9775
18 18.1 36.8 9562
19 18.1 36.8 10072
20 18.1 36.8 10497
21 18.1 36.8 10625
22 18.1 36.8 10540
23 18.1 36.8 11135
24 18.1 36.8 11177
25 18.1 36.8 11602
26 18.1 36.8 11517
4 11.6 30.4 6885
5 11.6 30.4 7352
6 11.6 30.4 8117
7 11.6 30.4 8245
10 11.6 30.4 9435
14 11.6 30.4 10710
15 11.6 30.4 11092
16 11.6 30.4 11347
17 11.6 30.4 12410
18 11.6 30.4 12750
19 11.6 30.4 12622
20 11.6 30.4 12920
21 11.6 30.4 12750
22 11.6 30.4 12835
23 11.6 30.4 13260
24 11.6 30.4 13260
25 11.6 30.4 13642
26 11.6 30.4 13897
23 16.2 35 11390
24 16.2 35 12665
25 16.2 35 12240
26 16.2 35 12452
0 20.9 39.6 4590
1 20.9 39.6 4420
2 20.9 39.6 4505
3 20.9 39.6 5227
4 20.9 39.6 5100
5 20.9 39.6 5822
6 20.9 39.6 6120
7 20.9 39.6 6332
8 20.9 39.6 6885
9 20.9 39.6 7565
10 20.9 39.6 7777
11 20.9 39.6 7947
12 20.9 39.6 8202
13 20.9 39.6 8160
14 20.9 39.6 7990
15 20.9 39.6 8075
16 20.9 39.6 8245
17 20.9 39.6 8712
18 20.9 39.6 9052
19 20.9 39.6 8925
20 20.9 39.6 8925
21 20.9 39.6 9222
22 20.9 39.6 9222
23 20.9 39.6 10200
24 20.9 39.6 10200
25 20.9 39.6 10455
26 20.9 39.6 10370
16 19.1 37.9 8372
17 19.1 37.9 8287
18 19.1 37.9 8245
19 19.1 37.9 7862
20 19.1 37.9 8330
21 19.1 37.9 8500
22 19.1 37.9 8500
23 19.1 37.9 9222
24 19.1 37.9 9605
25 19.1 37.9 9392
26 19.1 37.9 9817
17 20.7 39.5 9520
18 20.7 39.5 10497
19 20.7 39.5 10625
20 20.7 39.5 10837
21 20.7 39.5 11177
22 20.7 39.5 11050
23 20.7 39.5 11645
24 20.7 39.5 12027
25 20.7 39.5 11900
26 20.7 39.5 12580
4 14 32.8 6630
5 14 32.8 7607
6 14 32.8 8500
9 14 32.8 10030
11 14 32.8 9350
14 14 32.8 10625
15 14 32.8 11390
16 14 32.8 11730
17 14 32.8 11857
18 14 32.8 12027
19 14 32.8 12750
20 14 32.8 11475
21 14 32.8 12665
22 14 32.8 12495
23 14 32.8 13557
24 14 32.8 13685
25 14 32.8 14025
26 14 32.8 14025
13 10.6 29.4 10157
14 10.6 29.4 10285
15 10.6 29.4 10582
16 10.6 29.4 11602
17 10.6 29.4 11517
18 10.6 29.4 11815
19 10.6 29.4 11942
20 10.6 29.4 12580
21 10.6 29.4 13600
22 10.6 29.4 12962
23 10.6 29.4 14110
24 10.6 29.4 13175
25 10.6 29.4 13600
26 10.6 29.4 14195
4 10.4 29.1 6587
5 10.4 29.1 7055
6 10.4 29.1 8117
7 10.4 29.1 8287
8 10.4 29.1 8627
9 10.4 29.1 8500
13 10.4 29.1 10370
14 10.4 29.1 10795
15 10.4 29.1 10752
16 10.4 29.1 11177
17 10.4 29.1 12027
18 10.4 29.1 12750
19 10.4 29.1 12070
20 10.4 29.1 12622
21 10.4 29.1 12580
22 10.4 29.1 12240
23 10.4 29.1 12240
24 10.4 29.1 12240
25 10.4 29.1 12750
26 10.4 29.1 13727
22 39.7 58.5 9987
23 39.7 58.5 11347
24 39.7 58.5 11517
25 39.7 58.5 10837
0 10.1 28.9 5652
1 10.1 28.9 5652
2 10.1 28.9 5865
3 10.1 28.9 6842
4 10.1 28.9 6460
5 10.1 28.9 7012
6 10.1 28.9 7862
7 10.1 28.9 8542
8 10.1 28.9 8627
9 10.1 28.9 8840
10 10.1 28.9 8967
11 10.1 28.9 8925
12 10.1 28.9 10370
13 10.1 28.9 9860
14 10.1 28.9 10455
15 10.1 28.9 10582
16 10.1 28.9 11475
17 10.1 28.9 11942
18 10.1 28.9 12197
19 10.1 28.9 12537
20 10.1 28.9 12282
21 10.1 28.9 12367
22 10.1 28.9 12537
23 10.1 28.9 14152
24 10.1 28.9 13855
25 10.1 28.9 15130
26 10.1 28.9 15597
0 10.1 28.9 6800
1 10.1 28.9 6502
2 10.1 28.9 6630
3 10.1 28.9 7650
4 10.1 28.9 7650
5 10.1 28.9 8457
6 10.1 28.9 8967
7 10.1 28.9 8967
8 10.1 28.9 9052
9 10.1 28.9 10200
10 10.1 28.9 10370
11 10.1 28.9 10625
12 10.1 28.9 10412
13 10.1 28.9 10965
14 10.1 28.9 10837
15 10.1 28.9 12155
16 10.1 28.9 11517
17 10.1 28.9 11475
18 10.1 28.9 12367
19 10.1 28.9 12282
20 10.1 28.9 12197
21 10.1 28.9 12325
22 10.1 28.9 12452
23 10.1 28.9 13472
24 10.1 28.9 13600
25 10.1 28.9 15172
26 10.1 28.9 14790
3 20.7 39.5 5865
4 20.7 39.5 6162
5 20.7 39.5 6800
6 20.7 39.5 7267
7 20.7 39.5 7692
8 20.7 39.5 7820
9 20.7 39.5 8372
10 20.7 39.5 8542
11 20.7 39.5 8755
12 20.7 39.5 8967
13 20.7 39.5 8967
14 20.7 39.5 9052
15 20.7 39.5 9137
16 20.7 39.5 8925
17 20.7 39.5 9902
18 20.7 39.5 10327
19 20.7 39.5 10922
20 20.7 39.5 11007
21 20.7 39.5 11092
22 20.7 39.5 11475
23 20.7 39.5 12112
24 20.7 39.5 13685
25 20.7 39.5 12580
26 20.7 39.5 13472
4 16.2 35 5865
5 16.2 35 6290
6 16.2 35 6885
9 16.2 35 8797
13 16.2 35 8840
14 16.2 35 9435
15 16.2 35 9945
16 16.2 35 10497
17 16.2 35 10625
18 16.2 35 11050
19 16.2 35 10880
20 16.2 35 10327
21 16.2 35 10455
22 16.2 35 11050
23 16.2 35 10540
24 16.2 35 10965
25 16.2 35 10795
26 16.2 35 11602
22 9.1 27.9 12537
24 9.1 27.9 13175
25 9.1 27.9 14832
26 9.1 27.9 15385
14 3.2 22 13982
16 3.2 22 15385
17 3.2 22 13642
18 3.2 22 12325
22 3.2 22 13302
24 3.2 22 16277
25 3.2 22 16362
10 4.8 23.6 10540
11 4.8 23.6 11092
12 4.8 23.6 11730
14 4.8 23.6 13132
16 4.8 23.6 15257
18 4.8 23.6 12622
19 4.8 23.6 13770
20 4.8 23.6 13430
21 4.8 23.6 13727
22 4.8 23.6 13642
23 4.8 23.6 13685
24 4.8 23.6 13472
25 4.8 23.6 13557
26 4.8 23.6 14875
1 6.9 25.6 6672
4 6.9 25.6 6800
5 6.9 25.6 10667
6 6.9 25.6 7225
7 6.9 25.6 8712
8 6.9 25.6 9945
9 6.9 25.6 10752
10 6.9 25.6 9817
11 6.9 25.6 10922
12 6.9 25.6 10497
13 6.9 25.6 12367
14 6.9 25.6 10157
15 6.9 25.6 11942
16 6.9 25.6 12750
17 6.9 25.6 12580
18 6.9 25.6 11857
19 6.9 25.6 12367
21 6.9 25.6 4037
24 6.9 25.6 13345
25 6.9 25.6 15300
19 5.8 29.5 18190
20 5.8 29.5 18530
22 5.8 29.5 15300
23 5.8 29.5 15385
24 5.8 29.5 16490
26 5.8 29.5 12962
20 14.2 33 11475
21 14.2 33 11560
22 14.2 33 11900
23 14.2 33 11900
24 14.2 33 12877
25 14.2 33 13982
26 14.2 33 13472
22 21 39.8 11262
23 21 39.8 12027
24 21 39.8 12070
25 21 39.8 11730
26 21 39.8 12410
0 14.5 33.3 5355
1 14.5 33.3 5312
2 14.5 33.3 5525
3 14.5 33.3 5992
4 14.5 33.3 6332
5 14.5 33.3 7182
6 14.5 33.3 7735
7 14.5 33.3 7990
8 14.5 33.3 8202
9 14.5 33.3 8585
10 14.5 33.3 8882
11 14.5 33.3 9307
12 14.5 33.3 9392
13 14.5 33.3 9817
14 14.5 33.3 10200
15 14.5 33.3 10667
16 14.5 33.3 11050
17 14.5 33.3 11390
18 14.5 33.3 11432
19 14.5 33.3 11645
20 14.5 33.3 11857
21 14.5 33.3 12027
22 14.5 33.3 11900
23 14.5 33.3 12580
24 14.5 33.3 12750
25 14.5 33.3 13132
26 14.5 33.3 13685
0 15 33.8 5100
1 15 33.8 5397
2 15 33.8 5270
3 15 33.8 5737
4 15 33.8 6205
5 15 33.8 6672
6 15 33.8 7310
7 15 33.8 7820
8 15 33.8 8075
9 15 33.8 8032
10 15 33.8 8117
11 15 33.8 8925
12 15 33.8 8967
13 15 33.8 9477
14 15 33.8 9010
15 15 33.8 9222
16 15 33.8 9180
17 15 33.8 10072
18 15 33.8 10200
19 15 33.8 10625
20 15 33.8 11050
21 15 33.8 11220
22 15 33.8 11050
23 15 33.8 12282
24 15 33.8 12410
25 15 33.8 12920
26 15 33.8 12537
1 9.2 28 9520
2 9.2 28 10880
3 9.2 28 10200
4 9.2 28 10752
5 9.2 28 11347
6 9.2 28 11900
7 9.2 28 12537
8 9.2 28 14237
9 9.2 28 14110
10 9.2 28 14747
11 9.2 28 14875
12 9.2 28 15002
13 9.2 28 15385
14 9.2 28 16362
15 9.2 28 16660
16 9.2 28 17000
17 9.2 28 17000
18 9.2 28 18700
19 9.2 28 17977
20 9.2 28 17892
21 9.2 28 18657
22 9.2 28 20527
23 9.2 28 20357
24 9.2 28 19550
26 9.2 28 23417
20 13.9 32.6 11390
21 13.9 32.6 11517
22 13.9 32.6 11517
23 13.9 32.6 12155
24 13.9 32.6 12452
25 13.9 32.6 13005
26 13.9 32.6 13217
4 13 31.8 7650
5 13 31.8 7905
6 13 31.8 8075
7 13 31.8 9180
8 13 31.8 8797
9 13 31.8 9350
10 13 31.8 9477
11 13 31.8 10667
13 13 31.8 10752
14 13 31.8 10965
15 13 31.8 10795
16 13 31.8 11347
17 13 31.8 12665
18 13 31.8 13430
19 13 31.8 12835
20 13 31.8 14620
21 13 31.8 14152
22 13 31.8 15810
23 13 31.8 15640
24 13 31.8 16447
25 13 31.8 16150
26 13 31.8 16150
0 11.5 30.3 5652
1 11.5 30.3 6375
2 11.5 30.3 5737
3 11.5 30.3 6035
4 11.5 30.3 6247
5 11.5 30.3 6290
6 11.5 30.3 6842
7 11.5 30.3 7097
8 11.5 30.3 7650
9 11.5 30.3 8330
10 11.5 30.3 8755
11 11.5 30.3 8415
12 11.5 30.3 8925
13 11.5 30.3 8967
14 11.5 30.3 8925
15 11.5 30.3 9520
16 11.5 30.3 9775
17 11.5 30.3 10370
18 11.5 30.3 10837
19 11.5 30.3 10837
20 11.5 30.3 11432
21 11.5 30.3 10710
22 11.5 30.3 10412
23 11.5 30.3 11857
24 11.5 30.3 11220
25 11.5 30.3 12580
26 11.5 30.3 13982
0 12.2 31 5950
1 12.2 31 6120
2 12.2 31 6247
3 12.2 31 6757
4 12.2 31 7097
5 12.2 31 7607
6 12.2 31 8500
7 12.2 31 8712
8 12.2 31 8755
9 12.2 31 9350
10 12.2 31 9477
11 12.2 31 9647
12 12.2 31 10242
13 12.2 31 10455
14 12.2 31 10625
15 12.2 31 11177
16 12.2 31 11602
17 12.2 31 12027
18 12.2 31 12282
19 12.2 31 12410
20 12.2 31 11985
21 12.2 31 12197
22 12.2 31 12495
23 12.2 31 12622
24 12.2 31 12452
25 12.2 31 13727
26 12.2 31 12750
13 16.9 35.7 8882
14 16.9 35.7 7650
15 16.9 35.7 7862
16 16.9 35.7 9732
17 16.9 35.7 7862
18 16.9 35.7 9137
19 16.9 35.7 7990
21 16.9 35.7 8457
22 16.9 35.7 8032
2 2.8 24.9 5992
3 2.8 24.9 6375
4 2.8 24.9 7012
5 2.8 24.9 7267
6 2.8 24.9 7862
7 2.8 24.9 8372
8 2.8 24.9 9222
9 2.8 24.9 9180
10 2.8 24.9 9435
11 2.8 24.9 9605
12 2.8 24.9 9945
13 2.8 24.9 10030
14 2.8 24.9 10370
15 2.8 24.9 10880
16 2.8 24.9 11645
17 2.8 24.9 11092
18 2.8 24.9 11900
19 2.8 24.9 12537
20 2.8 24.9 12622
21 2.8 24.9 13472
22 2.8 24.9 12877
23 2.8 24.9 13090
24 2.8 24.9 13600
25 2.8 24.9 13727
26 2.8 24.9 13940
20 13 31.8 17637
21 13 31.8 17552
22 13 31.8 17595
23 13 31.8 18572
24 13 31.8 18657
25 13 31.8 21250
26 13 31.8 21675
19 3.7 22.2 12027
20 3.7 22.2 11900
21 3.7 22.2 12835
22 3.7 22.2 13685
23 3.7 22.2 12452
24 3.7 22.2 13090
25 3.7 22.2 13430
26 3.7 22.2 13090
26 20.4 39.2 12835
26 20 38.7 11900
21 8.7 27.5 16617
22 8.7 27.5 17170
24 8.7 27.5 21760
25 8.7 27.5 22227
26 8.7 27.5 21037
23 5 29.2 14237
24 5 29.2 13175
25 5 29.2 14705
26 5 29.2 14492
23 7.9 26.7 13260
25 7.9 26.7 15640
26 7.9 26.7 14875
3 13.2 32 5907
4 13.2 32 6332
5 13.2 32 7352
6 13.2 32 7267
7 13.2 32 7862
8 13.2 32 8075
9 13.2 32 8287
10 13.2 32 8925
11 13.2 32 8925
12 13.2 32 8967
13 13.2 32 9562
14 13.2 32 10072
15 13.2 32 10370
16 13.2 32 11092
17 13.2 32 11390
18 13.2 32 11347
19 13.2 32 11517
20 13.2 32 11517
21 13.2 32 11687
22 13.2 32 12282
23 13.2 32 12835
24 13.2 32 12750
25 13.2 32 13685
26 13.2 32 12707
0 14.8 33.6 5440
3 14.8 33.6 6162
4 14.8 33.6 6417
5 14.8 33.6 6970
6 14.8 33.6 8032
7 14.8 33.6 7947
8 14.8 33.6 8500
9 14.8 33.6 8755
10 14.8 33.6 8882
11 14.8 33.6 9095
12 14.8 33.6 9647
13 14.8 33.6 10327
14 14.8 33.6 10412
15 14.8 33.6 11092
16 14.8 33.6 11135
17 14.8 33.6 11305
18 14.8 33.6 11475
19 14.8 33.6 12197
20 14.8 33.6 11390
21 14.8 33.6 11475
26 14.8 33.6 14535
18 7.5 26.3 14025
19 7.5 26.3 15172
20 7.5 26.3 16320
21 7.5 26.3 16277
22 7.5 26.3 16830
23 7.5 26.3 17255
24 7.5 26.3 16745
25 7.5 26.3 18487
14 8.6 27.4 13982
15 8.6 27.4 15342
16 8.6 27.4 15597
17 8.6 27.4 17000
18 8.6 27.4 17000
19 8.6 27.4 17000
20 8.6 27.4 17000
21 8.6 27.4 18232
22 8.6 27.4 18105
23 8.6 27.4 17637
24 8.6 27.4 18870
26 8.6 27.4 22992
1 24.3 44.6 2337
2 24.3 44.6 2295
3 24.3 44.6 2465
4 24.3 44.6 2677
5 24.3 44.6 2890
6 24.3 44.6 3145
7 24.3 44.6 3485
8 24.3 44.6 3740
9 24.3 44.6 3825
10 24.3 44.6 4080
11 24.3 44.6 4165
12 24.3 44.6 4250
13 24.3 44.6 4590
14 24.3 44.6 4675
15 24.3 44.6 5015
16 24.3 44.6 5142
17 24.3 44.6 5397
18 24.3 44.6 5482
19 24.3 44.6 5610
20 24.3 44.6 5610
21 24.3 44.6 5737
22 24.3 44.6 5822
23 24.3 44.6 6120
24 24.3 44.6 6417
25 24.3 44.6 6715
26 24.3 44.6 6800
0 26.1 44.9 2125
2 26.1 44.9 2337
3 26.1 44.9 2380
4 26.1 44.9 2550
5 26.1 44.9 2847
6 26.1 44.9 2805
7 26.1 44.9 3400
8 26.1 44.9 3697
9 26.1 44.9 3867
10 26.1 44.9 3910
11 26.1 44.9 4122
12 26.1 44.9 4037
13 26.1 44.9 4420
14 26.1 44.9 4675
15 26.1 44.9 4845
16 26.1 44.9 5100
17 26.1 44.9 5397
18 26.1 44.9 5525
19 26.1 44.9 5525
20 26.1 44.9 5822
21 26.1 44.9 5695
22 26.1 44.9 5950
23 26.1 44.9 6375
24 26.1 44.9 6545
25 26.1 44.9 6672
26 26.1 44.9 6630
4 26.5 45.2 3400
7 26.5 45.2 3527
8 26.5 45.2 4037
9 26.5 45.2 4420
10 26.5 45.2 4547
11 26.5 45.2 4547
12 26.5 45.2 5142
13 26.5 45.2 2507
14 26.5 45.2 3867
15 26.5 45.2 5525
16 26.5 45.2 5440
17 26.5 45.2 6035
18 26.5 45.2 6587
19 26.5 45.2 6800
20 26.5 45.2 6927
21 26.5 45.2 6800
22 26.5 45.2 7267
23 26.5 45.2 7650
24 26.5 45.2 7437
25 26.5 45.2 7522
26 26.5 45.2 6927
7 105 123 1785
9 105 123 1785
11 105 123 1912
12 105 123 2125
13 105 123 1912
14 105 123 1955
15 105 123 1955
16 105 123 1997
17 105 123 2167
18 105 123 2550
19 105 123 2167
20 105 123 2167
21 105 123 2210
22 105 123 2422
23 105 123 2380
24 105 123 2507
25 105 123 2422
26 105 123 2762
23 55.4 74.2 4207
24 55.4 74.2 4207
25 55.4 74.2 4122
26 55.4 74.2 3910
23 23.6 42.4 5695
24 23.6 42.4 6332
25 23.6 42.4 6375
26 23.6 42.4 6375
24 52.2 71 3612
25 52.2 71 3910
24 58.4 77.2 4292
25 58.4 77.2 4420
26 58.4 77.2 4122
20 22.3 41.1 5695
23 22.3 41.1 6417
24 22.3 41.1 6162
25 22.3 41.1 6375
26 22.3 41.1 6205
19 22.2 40.9 5100
20 22.2 40.9 5355
21 22.2 40.9 5610
22 22.2 40.9 5482
23 22.2 40.9 5610
24 22.2 40.9 6375
25 22.2 40.9 7182
26 22.2 40.9 6672
19 26.1 44.8 5780
20 26.1 44.8 5780
21 26.1 44.8 5950
22 26.1 44.8 5950
23 26.1 44.8 6162
24 26.1 44.8 6460
25 26.1 44.8 6630
26 26.1 44.8 6715
0 23.4 42.2 2337
1 23.4 42.2 2295
2 23.4 42.2 2380
3 23.4 42.2 2550
4 23.4 42.2 2635
5 23.4 42.2 2890
6 23.4 42.2 3230
7 23.4 42.2 3485
8 23.4 42.2 3782
9 23.4 42.2 3910
10 23.4 42.2 4080
11 23.4 42.2 4250
12 23.4 42.2 4377
13 23.4 42.2 4590
14 23.4 42.2 4717
15 23.4 42.2 5057
16 23.4 42.2 5227
17 23.4 42.2 5525
18 23.4 42.2 5567
19 23.4 42.2 5695
20 23.4 42.2 5780
21 23.4 42.2 5865
22 23.4 42.2 5950
23 23.4 42.2 6247
24 23.4 42.2 6672
25 23.4 42.2 7140
26 23.4 42.2 6970
19 23.4 42.2 5780
20 23.4 42.2 5822
21 23.4 42.2 5950
22 23.4 42.2 5950
23 23.4 42.2 6205
24 23.4 42.2 6502
25 23.4 42.2 6800
26 23.4 42.2 6842
21 51.9 70.7 3145
22 51.9 70.7 3230
23 51.9 70.7 3315
24 51.9 70.7 3442
25 51.9 70.7 3272
26 51.9 70.7 3527
10 37.7 56.5 2550
11 37.7 56.5 2550
12 37.7 56.5 2762
13 37.7 56.5 2720
14 37.7 56.5 2720
15 37.7 56.5 2847
16 37.7 56.5 2890
17 37.7 56.5 3187
18 37.7 56.5 3230
19 37.7 56.5 3230
20 37.7 56.5 3315
21 37.7 56.5 3272
22 37.7 56.5 3315
23 37.7 56.5 3400
24 37.7 56.5 3570
25 37.7 56.5 3740
26 37.7 56.5 4122
11 52.6 71.4 2677
14 52.6 71.4 3102
15 52.6 71.4 3272
16 52.6 71.4 3315
17 52.6 71.4 3655
19 52.6 71.4 3612
20 52.6 71.4 3357
21 52.6 71.4 3272
22 52.6 71.4 3400
23 52.6 71.4 3612
24 52.6 71.4 3485
25 52.6 71.4 3272
26 52.6 71.4 3527
5 53.2 72 2125
6 53.2 72 2125
7 53.2 72 2465
8 53.2 72 2422
9 53.2 72 2805
10 53.2 72 2720
11 53.2 72 2805
12 53.2 72 2975
13 53.2 72 2337
14 53.2 72 2975
15 53.2 72 3102
16 53.2 72 3230
17 53.2 72 3527
18 53.2 72 3400
19 53.2 72 3357
20 53.2 72 3400
21 53.2 72 3187
22 53.2 72 3272
23 53.2 72 3400
24 53.2 72 3527
25 53.2 72 3570
26 53.2 72 3697
19 47.6 66.4 3400
20 47.6 66.4 3655
21 47.6 66.4 3400
22 47.6 66.4 3442
23 47.6 66.4 3910
24 47.6 66.4 3485
25 47.6 66.4 3612
26 47.6 66.4 3910
0 51.4 70.2 1572
1 51.4 70.2 1317
2 51.4 70.2 1572
3 51.4 70.2 1700
4 51.4 70.2 1487
6 51.4 70.2 2040
7 51.4 70.2 2125
8 51.4 70.2 2422
9 51.4 70.2 1530
10 51.4 70.2 2677
11 51.4 70.2 2762
12 51.4 70.2 3230
13 51.4 70.2 1827
14 51.4 70.2 2040
15 51.4 70.2 2592
16 51.4 70.2 3230
17 51.4 70.2 3527
18 51.4 70.2 3570
19 51.4 70.2 3315
20 51.4 70.2 3485
21 51.4 70.2 3400
22 51.4 70.2 3400
23 51.4 70.2 3825
24 51.4 70.2 3527
25 51.4 70.2 3612
26 51.4 70.2 3825
25 51.6 70.4 3230
26 51.6 70.4 3272
14 101 120 2040
16 101 120 1997
17 101 120 2210
18 101 120 2210
19 101 120 2210
20 101 120 2422
21 101 120 2380
22 101 120 2295
23 101 120 2592
24 101 120 2635
25 101 120 2932
26 101 120 2635
26 25.4 44.2 6417
4 23.6 42.4 3315
5 23.6 42.4 3485
6 23.6 42.4 3825
7 23.6 42.4 4462
8 23.6 42.4 4335
9 23.6 42.4 4717
10 23.6 42.4 4887
11 23.6 42.4 4972
12 23.6 42.4 5227
13 23.6 42.4 5482
14 23.6 42.4 5780
15 23.6 42.4 5865
16 23.6 42.4 5610
17 23.6 42.4 6162
18 23.6 42.4 6630
19 23.6 42.4 6630
20 23.6 42.4 5907
21 23.6 42.4 6077
22 23.6 42.4 6205
23 23.6 42.4 6715
24 23.6 42.4 7267
25 23.6 42.4 7692
26 23.6 42.4 7267
25 22.9 41.7 7862
26 22.9 41.7 8500
24 23.5 42.3 8287
25 23.5 42.3 8330
26 23.5 42.3 6672
19 47.2 66 4207
20 47.2 66 4122
21 47.2 66 4122
22 47.2 66 4207
23 47.2 66 4292
24 47.2 66 4335
25 47.2 66 4207
26 47.2 66 4505
19 43.4 62.2 3910
20 43.4 62.2 3867
21 43.4 62.2 3952
22 43.4 62.2 3910
23 43.4 62.2 3995
24 43.4 62.2 3995
25 43.4 62.2 4080
26 43.4 62.2 4292
0 46.8 65.5 1827
1 46.8 65.5 1700
2 46.8 65.5 1912
3 46.8 65.5 1997
4 46.8 65.5 2167
5 46.8 65.5 2210
6 46.8 65.5 2337
7 46.8 65.5 2720
8 46.8 65.5 2975
9 46.8 65.5 2975
10 46.8 65.5 3230
11 46.8 65.5 3230
12 46.8 65.5 3230
13 46.8 65.5 3187
14 46.8 65.5 3400
15 46.8 65.5 3655
16 46.8 65.5 3867
17 46.8 65.5 3825
18 46.8 65.5 3782
19 46.8 65.5 3995
20 46.8 65.5 4547
21 46.8 65.5 3952
22 46.8 65.5 4505
23 46.8 65.5 4462
24 46.8 65.5 4377
25 46.8 65.5 3995
26 46.8 65.5 4292
19 48.7 67.5 4802
20 48.7 67.5 4930
21 48.7 67.5 4760
22 48.7 67.5 4930
23 48.7 67.5 4972
24 48.7 67.5 5100
25 48.7 67.5 5482
26 48.7 67.5 5312
26 45.2 64 4505
13 21.9 40.7 4845
14 21.9 40.7 5100
15 21.9 40.7 5100
16 21.9 40.7 5312
17 21.9 40.7 5525
24 21.9 40.7 6842
25 21.9 40.7 6672
26 21.9 40.7 6842
26 21.9 40.7 5525
0 58.6 77.4 1785
1 58.6 77.4 1700
2 58.6 77.4 1700
3 58.6 77.4 1742
4 58.6 77.4 2210
5 58.6 77.4 2125
6 58.6 77.4 2167
7 58.6 77.4 2677
8 58.6 77.4 2507
9 58.6 77.4 2890
10 58.6 77.4 2932
11 58.6 77.4 3017
12 58.6 77.4 3272
13 58.6 77.4 3315
14 58.6 77.4 3357
15 58.6 77.4 3570
16 58.6 77.4 3655
17 58.6 77.4 3782
18 58.6 77.4 3825
19 58.6 77.4 3697
20 58.6 77.4 3782
21 58.6 77.4 3697
22 58.6 77.4 3825
23 58.6 77.4 3995
24 58.6 77.4 4080
25 58.6 77.4 3910
26 58.6 77.4 4080
19 56.4 75.2 3400
20 56.4 75.2 3612
21 56.4 75.2 3612
22 56.4 75.2 3612
23 56.4 75.2 3612
24 56.4 75.2 3612
25 56.4 75.2 3655
26 56.4 75.2 3655
12 61.8 80.6 3655
14 61.8 80.6 3697
17 61.8 80.6 4250
18 61.8 80.6 4165
19 61.8 80.6 3867
20 61.8 80.6 3867
21 61.8 80.6 3825
22 61.8 80.6 3910
23 61.8 80.6 4080
24 61.8 80.6 4250
25 61.8 80.6 4122
26 61.8 80.6 4207
25 57.8 76.5 4845
26 57.8 76.5 4462
