1 1
2 0
3 0
4 0
5 0
6 0
7 2
8 0
9 0
10 3
11 2
12 2
13 0
14 0
15 0
16 5
17 2
18 3
19 0
20 4
21 4
22 1
23 0
24 1
25 3
26 0
27 1
28 2
29 0
30 1
31 0
32 0
33 0
34 1
35 0
36 1
37 0
38 0
39 0
40 0
41 0
42 0
43 0
44 0
45 0
46 0
47 0
48 1
49 4
50 2
51 0
52 1
53 1
54 2
55 2
56 0
57 1
58 0
59 1
60 1
61 1
62 3
63 0
64 0
65 0
66 1
67 3
68 2
69 0
70 0
71 1
72 1
73 2
74 0
75 0
76 0
77 0
78 0
79 2
80 0
81 0
82 2
83 0
84 1
85 0
86 1
87 0
88 4
89 0
90 2
91 0
92 0
93 0
94 1
95 1
96 3
97 0
98 0
99 0
100 1
101 0
102 0
103 1
104 2
105 4
106 5
107 1
108 0
109 1
110 0
111 0
112 2
113 6
114 2
115 2
116 0
117 0
118 1
119 4
120 1
121 5
122 2
123 0
124 2
125 3
126 3
127 0
128 0
129 0
130 0
131 0
132 4
133 2
134 1
135 1
136 0
137 2
138 2
139 1
140 0
141 1
142 0
143 1
144 1
145 0
146 1
147 1
148 0
149 2
150 0
151 1
152 2
153 4
154 1
155 3
156 2
157 2
158 3
159 3
160 1
161 1
162 0
163 1
164 1
165 2
166 0
167 0
168 0
169 0
170 2
171 2
172 2
173 2
174 1
175 2
176 1
177 1
178 2
179 2
180 1
181 1
182 1
183 0
184 2
185 2
186 1
187 1
188 1
189 0
190 3
191 4
192 0
193 0
194 1
195 0
196 0
197 4
198 4
199 3
200 0
201 0
202 1
203 3
204 0
205 5
206 0
207 0
208 2
209 1
210 6
211 0
212 0
213 0
214 0
215 0
216 0
217 3
218 2
219 0
220 0
221 0
222 1
223 2
224 0
225 1
226 1
227 0
228 0
229 1
230 0
231 0
232 0
233 0
234 0
235 1
236 0
237 0
238 2
239 0
240 2
241 0
242 3
243 2
244 2
245 0
246 0
247 2
248 0
249 0
250 0
251 0
252 0
253 0
254 0
255 1
256 0
257 0
258 2
259 3
260 1
261 1
262 2
263 0
264 0
265 1
266 1
267 1
268 3
269 0
270 2
271 4
272 3
273 0
274 5
275 7
276 0
277 0
278 2
279 3
280 1
281 1
282 0
283 1
284 1
285 0
286 1
287 4
288 2
289 0
290 0
291 1
292 1
293 1
294 3
295 3
296 0
297 0
298 4
299 2
300 1
301 1
302 1
303 3
304 4
305 0
306 0
307 2
308 2
309 0
310 0
311 1
312 1
313 0
314 2
315 3
316 3
317 0
318 1
319 0
320 2
321 1
322 1
323 9
324 1
325 3
326 1
327 0
328 0
329 3
330 3
331 3
332 1
333 1
334 0
335 2
336 3
337 3
338 0
339 3
340 0
341 0
342 0
343 0
344 0
345 3
346 2
347 1
348 1
349 3
350 0
351 0
352 3
353 2
354 3
355 0