1 0 3145
1 1 3315
1 2 3230
1 3 3740
1 4 3655
1 5 3782
1 6 4250
1 7 4717
1 8 5015
1 9 5355
1 10 5525
1 11 5610
1 12 5822
1 13 6162
1 14 6247
1 15 6460
1 16 6587
1 17 6800
1 18 6970
1 19 7182
1 20 7437
1 21 7650
1 22 7565
1 23 7947
1 24 8627
1 25 8840
1 26 8542
1 27 8882
1 28 8840
1 29 9137
2 18 3060
2 19 2975
2 20 3230
2 21 3272
2 22 3272
2 23 3315
2 24 3697
2 25 3825
2 26 3825
2 27 4165
2 28 4377
2 29 4335
3 0 3102
3 1 3102
3 2 3102
3 3 3357
3 4 3570
3 5 3825
3 6 4165
3 7 4250
3 8 4802
3 9 4845
3 10 5312
3 11 5737
3 12 5482
3 13 5270
3 14 5525
3 15 5525
3 16 5525
3 17 5780
3 18 6035
3 19 6162
3 20 6290
3 21 6375
3 22 6800
3 23 7225
3 24 7607
3 25 8500
3 26 9052
3 27 9265
3 28 9010
3 29 8797
4 27 7820
4 28 8840
4 29 9987
5 17 7777
5 18 6630
5 19 7225
5 20 7310
5 23 7225
5 26 10157
5 27 8967
5 28 9137
5 29 8967
6 2 2125
6 3 2422
6 4 2295
6 5 2592
6 6 2635
6 7 3187
6 8 3145
6 9 2975
6 10 3442
6 11 3655
6 12 3570
6 13 3612
6 14 3825
6 15 3825
6 16 3825
6 17 4165
6 18 4122
6 19 4250
6 20 4505
6 21 4462
6 22 4675
6 23 4887
6 24 5185
6 25 5015
6 26 5312
6 27 5652
6 28 5822
6 29 5652
7 0 2252
7 1 2337
7 2 2252
7 3 2380
7 4 2507
7 5 2592
7 6 2720
7 7 3017
7 8 3485
7 9 3612
7 10 3655
7 11 3867
7 12 3995
7 13 4080
7 14 4165
7 15 4335
7 16 4547
7 17 4675
7 18 4717
7 19 4845
7 20 5057
7 21 5100
7 22 5185
7 23 5355
7 24 5525
7 25 5652
7 26 5907
7 27 5950
7 28 6035
7 29 6077
8 16 3485
8 17 3612
8 18 3570
8 19 3612
8 20 3655
8 21 3740
8 22 3740
8 23 3825
8 24 4037
8 25 4165
8 26 4505
8 27 4845
8 28 5015
8 29 4547
9 22 6205
9 23 6885
9 24 6842
9 25 6970
9 26 6077
9 27 6332
9 28 6842
9 29 6842
10 22 5695
10 23 5865
10 24 5780
10 25 6587
10 26 6162
10 27 6502
10 28 6375
10 29 6205
11 0 2465
11 1 2125
11 2 2210
11 3 2210
11 4 2550
11 5 2592
11 6 2677
11 7 3060
11 8 3485
11 9 3570
11 10 3995
11 11 4207
11 12 4037
11 13 4207
11 14 4250
11 15 4377
11 16 4505
11 17 4675
11 18 4802
11 19 5015
11 20 5057
11 21 5270
11 22 5440
11 23 5567
11 24 5695
11 25 5865
11 26 5992
11 27 6035
11 28 6332
11 29 6375
12 0 2890
12 1 2975
12 2 3060
12 3 3230
12 4 3315
12 5 3442
12 6 3782
12 7 3995
12 8 4420
12 9 4505
12 10 4717
12 11 4930
12 12 4930
12 13 5100
12 14 5270
12 15 5482
12 16 5652
12 17 5652
12 18 5737
12 19 5780
12 20 5950
12 21 6120
12 22 6290
12 23 6630
12 24 6715
12 25 7097
12 26 7225
12 27 7310
12 28 7310
12 29 7310
13 0 3527
13 1 3570
13 2 3612
13 3 3782
13 4 3867
13 5 4122
13 6 4335
13 7 4760
13 8 5015
13 9 5100
13 10 5440
13 11 5780
13 12 5822
13 13 6077
13 14 6205
13 15 6375
13 16 6800
13 17 6672
13 18 7225
13 19 7352
13 20 7352
13 21 7650
13 22 7777
13 23 8160
13 24 8500
13 25 8500
13 26 8797
13 27 8500
13 28 8840
13 29 8925
14 21 5567
14 22 5652
14 23 5737
14 24 5865
14 25 6417
14 26 6120
14 27 6247
14 28 6375
14 29 6332
15 20 3485
15 22 3442
15 24 3740
15 25 3952
15 26 3867
15 27 3952
15 28 3910
15 29 3910
16 0 3485
16 1 3697
16 2 3952
16 3 4250
16 4 4335
16 5 4377
16 6 4930
16 7 5397
16 8 5525
16 9 5822
16 10 6332
16 11 6587
16 12 6800
16 13 6630
16 14 6800
16 15 7692
16 16 7565
16 17 8075
16 18 8075
16 19 8500
16 20 8925
16 21 8882
16 22 9307
16 23 9775
16 24 9775
16 25 10285
16 26 10965
16 27 10795
16 28 11007
16 29 11177
17 26 9350
17 27 9010
17 28 9817
17 29 10200
18 24 5015
18 26 5525
18 27 5440
18 28 4972
18 29 5397
19 27 7352
19 28 7055
19 29 6842
20 1 4420
20 2 5185
20 3 4845
20 4 5610
20 5 5780
20 6 6970
20 7 6885
20 8 5780
20 9 6757
20 10 6545
20 11 7012
20 12 7990
20 13 7225
20 14 9350
20 15 9392
20 16 8755
20 17 10795
20 18 10965
20 19 12792
20 23 14195
20 24 15172
20 25 14875
20 26 17000
20 27 15215
20 28 17000
20 29 16362
21 0 2167
21 1 2040
21 2 2252
21 3 2295
21 4 2465
21 5 2082
21 6 2507
21 7 2550
21 8 3017
21 9 1997
21 10 2295
21 11 2380
21 12 2847
21 13 3145
21 14 3272
21 15 3442
21 16 3655
21 17 3612
21 18 3697
21 19 3655
21 21 4760
21 22 4802
21 23 4887
21 24 4972
21 25 5100
21 26 5440
21 27 5397
21 28 5482
21 29 5525
22 23 3825
22 24 3995
22 28 4590
22 29 4590
23 7 3315
23 9 3612
23 10 3867
23 11 3825
23 12 3825
23 13 3910
23 14 3995
23 15 4335
23 16 4207
23 17 4377
23 18 4420
23 19 4420
23 20 4632
23 21 4547
23 22 4717
23 23 4972
23 24 5100
23 25 5737
23 26 5992
23 27 5822
23 28 5907
23 29 6162
24 0 4632
24 1 4335
24 2 4462
24 3 4590
24 4 4802
24 5 5312
24 6 5822
24 7 6035
24 8 6502
24 9 6800
24 10 7182
24 11 7607
24 12 7650
24 13 7650
24 14 7990
24 15 8500
24 16 8542
24 17 8712
24 18 8585
24 19 9647
24 20 9265
24 21 9945
24 22 9775
24 23 10625
24 24 10030
24 26 12325
24 27 12240
24 28 12240
24 29 12282
25 0 3230
25 1 3485
25 2 3612
25 3 3825
25 4 3910
25 5 4335
25 6 4632
25 7 4845
25 8 5185
25 9 5227
25 10 5652
25 11 5907
25 12 6290
25 13 6035
25 14 6375
25 15 7097
25 16 7225
25 17 7522
25 18 7650
25 19 8075
25 20 8500
25 21 8500
25 22 8500
25 23 9435
25 24 9307
25 25 9775
25 26 9605
25 27 9860
25 28 10030
25 29 10285
26 26 5312
26 27 5397
26 28 5100
26 29 5057
27 27 8415
27 28 8542
27 29 8245
28 20 8882
28 21 10115
28 23 8372
28 25 9265
28 26 10157
28 27 9647
28 28 9307
28 29 9435
29 26 5992
29 27 5610
29 28 6290
29 29 6077
30 20 7140
30 21 7012
30 22 7395
30 24 7862
30 25 8712
30 26 7820
30 27 8500
30 28 8542
30 29 8415
31 23 4802
31 24 4420
31 25 4972
31 27 5525
31 28 5695
31 29 5525
32 26 9392
32 27 10157
32 28 10327
32 29 9350
33 20 4377
33 23 5270
33 24 4845
33 25 5015
33 26 5142
33 27 5270
33 28 5397
33 29 5567
34 25 6162
34 26 6247
34 28 6162
34 29 6375
35 20 5865
35 21 5780
35 22 5525
35 23 5950
35 24 6375
35 25 6927
35 26 6842
35 27 7352
35 28 7182
35 29 7267
36 27 7310
36 28 7565
36 29 7565
37 26 4505
37 27 4377
37 28 4420
37 29 4292
38 25 6162
38 26 5397
38 27 5525
38 28 5397
38 29 5610
39 21 4930
39 23 5270
39 24 5737
39 25 5652
39 26 6077
39 27 5737
39 28 6162
39 29 6205
40 24 4675
40 25 5100
40 26 5270
40 27 5440
40 28 5610
40 29 5567
41 24 9647
41 26 9987
41 27 10115
41 28 10370
41 29 10370
42 27 9477
42 28 9477
42 29 10242
43 25 7650
43 26 8330
43 27 8160
43 28 8245
43 29 8202
44 24 5440
44 25 5950
44 26 5780
44 27 5652
44 28 5695
44 29 6332
45 23 5525
45 24 5652
45 25 6375
45 26 6375
45 27 6162
45 28 6162
45 29 6077
46 22 5525
46 23 5695
46 24 5822
46 26 5865
46 27 6120
46 28 6290
46 29 6460
47 20 6205
47 21 5865
47 22 6120
47 23 6630
47 25 7352
47 26 8287
47 27 8330
47 28 7225
47 29 7352
48 26 11007
48 27 10030
48 28 10837
48 29 11305
49 25 8542
49 26 8032
49 27 8542
49 28 9095
49 29 9605
50 24 5440
50 25 6035
50 26 6247
50 27 5737
50 28 5992
50 29 5950
51 20 5610
51 21 5865
51 22 6375
51 23 6077
51 25 7352
51 26 6885
51 27 7310
51 28 7267
51 29 7310
52 20 4930
52 21 5100
52 22 5397
52 23 5525
52 24 5525
52 25 6077
52 26 5950
52 27 6375
52 28 6035
52 29 5950
53 27 6460
53 28 6630
53 29 7097
54 24 7310
54 25 7225
54 27 6630
54 28 6885
54 29 7182
55 25 6630
55 26 6715
55 27 7565
55 28 7735
55 29 7735
56 25 9520
56 26 9435
56 27 9860
56 28 10285
56 29 10412
57 24 8117
57 26 8797
57 27 8840
57 28 9010
57 29 9307
58 23 4335
58 24 4420
58 25 4887
58 26 5397
58 27 5397
58 28 5567
58 29 5142
59 27 8117
59 28 6927
59 29 7735
60 21 4802
60 22 4250
60 23 4802
60 24 5142
60 25 5397
60 26 5567
60 27 5610
60 28 5567
60 29 5525
61 21 5822
61 22 5270
61 23 5780
61 24 5992
61 25 6672
61 26 6800
61 27 6545
61 28 6757
61 29 6502
62 23 8925
62 24 9605
62 25 9732
62 26 9775
62 27 9562
62 28 9775
62 29 9477
63 23 8840
63 24 9222
63 25 9987
63 26 10455
63 27 10030
63 28 10455
63 29 10115
64 26 7947
64 27 8160
64 28 8500
64 29 8500
65 24 5652
65 25 5270
65 26 5780
65 27 5567
65 28 5950
65 29 5992
66 20 5780
66 21 5992
66 22 6332
66 23 6842
66 24 7012
66 25 7097
66 26 7225
66 27 7522
66 28 7310
66 29 7437
67 13 6247
67 15 6672
67 16 6885
67 24 9350
67 26 9860
67 27 8882
67 28 8202
67 29 8797
68 26 7990
68 27 7820
68 28 7990
68 29 7522
69 23 8755
69 24 9817
69 27 9095
69 28 10242
69 29 9775
70 20 6502
70 23 7480
70 24 7012
70 25 7650
70 26 7310
70 27 7650
70 28 7735
70 29 7820
71 23 7310
71 25 8245
71 26 8202
71 27 9052
71 28 9095
71 29 9052
72 5 5057
72 6 5525
72 13 6970
72 14 7862
72 15 7522
72 16 7182
72 17 7735
72 18 8075
72 23 9775
72 25 10030
72 26 9647
72 27 9732
72 28 9350
72 29 10072
73 20 6672
73 21 6715
73 22 7182
73 23 7437
73 24 7777
73 25 8202
73 26 8330
73 27 8457
73 28 8160
73 29 7905
74 27 7182
74 28 6630
74 29 6545
75 20 4250
75 21 4037
75 22 4250
75 23 4335
75 24 4420
75 25 4717
75 26 5100
75 27 5482
75 28 5440
75 29 5312
76 27 17467
76 28 16235
76 29 16022
77 20 5142
77 21 5270
77 22 5355
77 23 5397
77 24 5610
77 25 5865
77 26 5992
77 27 6035
77 28 6120
77 29 6077
78 20 6120
78 21 6502
78 23 7182
78 24 6927
78 25 7565
78 26 7565
78 27 7310
78 28 7820
78 29 7267
79 26 5950
79 27 5865
79 28 5780
79 29 6035
80 20 6205
80 21 6332
80 22 6715
80 23 6927
80 24 7352
80 25 7437
80 26 7437
80 27 8075
80 28 7735
80 29 7607
81 20 4292
81 23 4675
81 24 4420
81 25 4717
81 26 4760
81 27 4972
81 28 5142
81 29 5227
82 25 11262
82 26 11390
82 27 11305
82 29 12452
83 23 8032
83 24 8202
83 25 8287
83 26 8330
83 27 8882
83 28 8967
83 29 8160
84 26 7310
84 28 5525
84 29 5567
85 22 5355
85 23 5440
85 24 5525
85 25 5610
85 26 5907
85 27 6460
85 28 6332
85 29 5822
86 20 6332
86 21 6587
86 22 6332
86 23 7267
86 24 7352
86 25 7905
86 26 7480
86 27 7650
86 28 8075
86 29 7905
87 20 4675
87 23 5057
87 24 5397
87 25 5907
87 26 5610
87 27 5907
87 28 5652
87 29 5737
88 20 4887
88 21 4972
88 22 5100
88 23 5142
88 24 5567
88 25 6162
88 26 5950
88 27 6120
88 28 6120
88 29 6077
89 20 5950
89 21 6460
89 22 6460
89 23 6885
89 24 6587
89 25 7097
89 26 7565
89 27 8032
89 28 7225
89 29 7267
90 27 10752
90 28 11177
90 29 10880
91 23 4675
91 24 4887
91 25 5227
91 26 5270
91 27 5482
91 28 5610
91 29 5355
92 20 5057
92 21 5142
92 22 5057
92 23 5397
92 24 5652
92 25 5950
92 26 5865
92 27 5865
92 28 5907
92 29 5950
93 20 4335
93 23 5015
93 24 5227
93 25 5397
93 26 5185
93 27 5057
93 28 5227
93 29 5440
94 24 9222
94 25 9350
94 26 9435
94 27 9732
94 28 8797
94 29 8712
95 26 10285
95 27 11687
95 28 10922
95 29 11432
96 27 11432
96 28 10922
96 29 11390
97 20 5525
97 21 5270
97 22 5482
97 23 5440
97 24 5865
97 25 5822
97 26 5780
97 27 5992
97 28 6375
97 29 6247
98 22 5397
98 23 5525
98 24 5652
98 25 6162
98 26 6162
98 27 6375
98 28 6205
98 29 6460
99 24 5652
99 26 6757
99 27 5907
99 28 6332
99 29 7055
100 22 5567
100 23 6035
100 24 6417
100 25 6545
100 26 6332
100 27 6332
100 28 6290
100 29 6247
101 21 5525
101 22 5525
101 23 5610
101 24 5695
101 25 5907
101 26 5950
101 27 6290
101 28 6290
101 29 6290
102 20 5610
102 21 5695
102 22 5907
102 23 6247
102 24 6460
102 25 6757
102 26 7012
102 27 6630
102 28 6502
102 29 6587
103 22 4420
103 23 4207
103 24 4505
103 25 4760
103 26 4887
103 27 4887
103 28 4972
103 29 5270
104 18 3867
104 19 3400
104 20 3400
104 21 3400
104 22 3527
104 23 3655
104 24 3825
104 25 3825
104 26 4250
104 27 4420
104 28 4122
104 29 4207
105 7 2422
105 8 2720
105 9 2592
105 10 2890
105 11 2805
105 12 2890
105 13 2932
105 14 2975
105 15 3145
105 16 3102
105 17 3230
105 18 3400
105 19 3400
105 20 3400
105 21 3400
105 22 3570
105 23 3825
105 24 3867
105 25 3952
105 26 4080
105 27 4462
105 28 4292
105 29 4335
106 5 2550
106 6 2550
106 7 3145
106 8 3400
106 9 3400
106 10 3485
106 11 3485
106 12 3400
106 13 3400
106 14 3442
106 15 3697
106 16 3825
106 17 4037
106 18 3995
106 19 3910
106 20 4080
106 21 4080
106 22 4122
106 23 4505
106 24 4632
106 25 4930
106 26 5100
106 27 5270
106 28 5397
106 29 5355
107 0 4335
107 1 4972
107 2 4760
107 3 4717
107 4 5652
107 5 5652
107 6 6205
107 7 6800
107 8 7097
107 9 6927
107 10 7565
107 11 7905
107 12 7777
107 13 7990
107 14 8500
107 15 8840
107 16 8500
107 17 8925
107 18 10030
107 19 8967
107 25 10880
107 27 11390
107 28 11900
107 29 12070
108 25 3655
108 26 4122
108 27 4250
108 28 4292
108 29 3995
109 22 13345
109 23 13982
109 26 14875
109 27 14705
109 28 15257
109 29 15172
110 11 8202
110 13 9265
110 14 9860
110 15 9265
110 16 10030
110 17 9477
110 18 9180
110 19 9477
110 21 11645
110 24 10200
110 25 10667
110 26 9987
110 28 12750
110 29 12792
111 0 4675
111 1 4590
111 2 5015
111 3 5397
111 4 5865
111 5 6545
111 6 6715
111 7 7225
111 8 7650
111 9 7777
111 10 8500
111 11 8840
111 12 8967
111 13 9435
111 14 9775
111 15 10115
111 16 10497
111 17 11050
111 18 11347
111 19 11560
111 20 12197
111 21 12452
111 22 12920
111 23 13132
111 24 13600
111 25 13685
111 26 13430
111 27 13302
111 28 13175
111 29 13345
112 17 14747
112 18 15300
112 19 14450
112 20 13685
112 21 14067
112 22 14705
112 23 15342
112 24 15597
112 25 16192
112 26 16702
112 27 16320
112 28 16575
112 29 16532
113 10 11730
113 11 11177
113 12 12112
113 13 11772
113 14 12112
113 15 10157
113 16 11390
113 17 12452
113 18 11857
113 19 13515
113 20 14705
113 23 14152
113 24 13727
113 25 13472
113 26 14875
113 27 15555
113 28 16957
113 29 17255
114 1 6375
114 4 7565
114 5 8032
114 6 8457
114 7 9095
114 8 9520
114 9 9520
114 10 9520
114 11 9732
114 12 9732
114 13 10072
114 14 11007
114 15 11900
114 16 12495
114 17 12580
114 18 12750
114 19 13090
114 20 13345
114 21 14280
114 22 15002
114 23 14577
114 24 16490
114 25 16660
114 26 16915
114 27 16915
114 28 17000
114 29 17255
115 0 6757
115 1 7480
115 4 12452
115 5 13770
115 6 14365
115 7 16065
115 8 13982
115 9 16277
115 10 15597
115 11 17425
115 12 17425
115 13 18700
115 14 21080
115 15 17850
115 16 14152
115 17 21845
115 18 20485
115 19 22185
115 20 25500
115 21 26817
115 22 25712
115 23 27625
115 26 30685
115 28 30175
115 29 30175
116 27 14535
116 28 13982
116 29 13940
117 8 8245
117 10 7862
117 11 8585
117 13 9307
117 14 9562
117 15 10200
117 16 11135
117 17 10370
117 18 11645
117 19 12325
117 20 11475
117 21 12027
117 25 10412
117 26 9775
117 28 12665
117 29 13387
118 6 6630
118 9 8882
118 10 9392
118 11 10030
118 12 9817
118 13 10370
118 14 11475
118 15 11475
118 16 10497
118 17 11432
118 18 12495
118 19 12112
118 22 12070
118 23 11645
118 24 11687
118 25 10667
118 26 11560
118 27 11517
118 28 12750
118 29 13430
119 13 9392
119 16 9817
119 17 9945
119 18 9435
119 19 9647
119 20 10752
119 21 10922
119 22 12495
119 24 11432
119 25 11900
119 26 12155
119 27 12367
119 28 11900
119 29 11900
120 9 9307
120 10 7310
120 12 8670
120 13 9307
120 14 8500
120 15 9435
120 16 8967
120 17 10625
120 18 10625
120 19 11432
120 20 10667
120 21 9222
120 24 11135
120 25 11815
120 26 11135
120 28 12027
120 29 12537
121 11 8967
121 13 10285
121 16 12027
121 17 12027
121 18 10922
121 19 11645
121 20 12282
121 21 13217
121 22 13047
121 23 13472
121 24 13345
121 25 13855
121 26 13557
121 27 12920
121 28 14280
121 29 14535
122 0 5355
122 1 5312
122 2 5737
122 3 5950
122 4 6247
122 5 6927
122 6 6970
122 7 7267
122 8 7905
122 9 8245
122 10 8500
122 11 8967
122 12 9265
122 13 9605
122 14 10115
122 15 10625
122 16 11050
122 17 11475
122 18 11517
122 19 11857
122 22 11730
122 23 12197
122 24 12325
122 25 12750
122 26 13600
122 27 13175
122 28 13345
122 29 13812
123 0 5100
123 1 5057
123 2 5227
123 3 5567
123 4 6035
123 5 6715
123 6 6502
123 7 6672
123 8 7140
123 9 7480
123 10 7777
123 11 8500
123 12 8755
123 13 9435
123 14 9860
123 15 10200
123 16 11092
123 17 11475
123 18 11050
123 19 11687
123 20 9987
123 22 12495
123 23 12537
123 24 12367
123 25 13090
123 26 13727
123 27 13897
123 28 13557
123 29 13982
124 0 5355
124 1 5397
124 2 5950
124 3 6035
124 4 6375
124 5 7012
124 6 7182
124 7 7437
124 8 8160
124 9 8500
124 10 8670
124 11 9052
124 12 9392
124 13 9732
124 14 10200
124 15 10837
124 16 11050
124 17 11517
124 18 11730
124 19 12155
124 20 11560
124 21 12835
124 22 11517
124 23 11900
124 24 12325
124 25 12750
124 26 13600
124 27 13090
124 28 13345
124 29 13812
125 23 11985
125 25 12537
125 27 10880
125 28 11135
125 29 11347
126 0 6502
126 1 6417
126 2 7182
126 3 7310
126 4 7267
126 5 9307
126 6 9945
126 7 10752
126 8 10497
126 9 10625
126 10 10795
126 11 11815
126 12 11645
126 13 11687
126 14 12835
126 15 12877
126 16 13345
126 17 14917
126 18 14875
126 19 14875
126 20 14492
126 21 15470
126 22 15810
126 23 16235
126 24 16745
126 25 17510
126 26 18232
126 27 17765
126 28 18105
126 29 17935
127 17 13982
127 18 14620
127 22 15512
127 23 16065
127 24 16830
127 25 17595
127 26 17765
127 27 16702
127 28 17000
127 29 17892
128 20 12452
128 21 13005
128 22 13217
128 23 13217
128 24 13175
128 25 14450
128 26 14875
128 28 14705
128 29 14407
129 4 10370
129 5 7820
129 8 10710
129 10 17170
129 11 13430
129 12 15682
129 13 10625
129 14 12112
129 15 16575
129 16 12707
129 17 12750
129 18 14577
129 19 17085
129 25 17000
129 28 15257
129 29 13812
130 23 19720
130 25 19932
130 26 20485
130 27 22780
130 28 22652
130 29 22142
131 11 8542
131 12 9095
131 14 10115
131 15 10242
131 16 10667
131 20 13005
131 21 14237
131 22 12240
131 23 13132
131 24 13090
131 25 13600
131 26 14365
131 27 13600
131 28 13940
131 29 13557
132 25 14110
132 27 12410
132 28 12622
132 29 12622
133 11 10625
133 13 8967
133 14 10837
133 15 11900
133 16 13600
133 17 11772
133 18 10582
133 19 11475
133 20 10625
133 21 11730
133 24 13047
133 25 12622
133 27 16745
133 28 15895
133 29 16490
134 7 8032
134 9 8840
134 11 9562
134 12 9307
134 14 10965
134 15 11815
134 16 12240
134 17 12112
134 18 11942
134 19 12410
134 22 14960
134 23 16320
134 24 15810
134 25 16065
134 26 16022
134 27 15937
134 28 15257
134 29 15342
135 23 20145
135 24 21760
135 25 21675
135 26 20485
135 27 19082
135 28 19040
135 29 19040
136 24 23375
136 27 22610
136 28 21462
136 29 22440
137 5 7352
137 6 8627
137 7 8797
137 8 8925
137 9 9222
137 10 10072
137 11 10115
137 12 10327
137 13 10922
137 14 11687
137 15 11942
137 16 12325
137 17 12580
137 18 12835
137 19 13217
137 20 13005
137 21 13260
137 22 13897
137 23 13515
137 24 15300
137 25 13472
137 27 17085
137 28 17510
137 29 18615
138 0 6630
138 1 6375
138 2 6545
138 3 7565
138 4 8075
138 5 8457
138 6 8542
138 7 9052
138 8 9350
138 9 9435
138 10 10625
138 11 10200
138 12 10285
138 13 10667
138 14 11730
138 15 11857
138 16 13090
138 17 12707
138 18 12750
138 19 14322
138 20 13940
138 21 13515
138 22 13642
138 23 12622
138 27 17765
138 28 17000
138 29 15172
139 0 5652
139 1 5780
139 2 6120
139 14 11900
139 20 10072
139 23 11050
139 26 16830
139 28 14025
139 29 13685
140 5 9222
140 6 10072
140 7 10157
140 9 11900
140 10 11177
140 11 11347
140 12 11390
140 13 12155
140 14 12240
140 15 13345
140 16 14577
140 18 13685
140 19 15257
140 20 16277
140 21 16787
140 22 16787
140 23 18487
140 24 18487
140 25 19040
140 26 19040
140 27 19210
140 28 17722
140 29 19592
141 11 9137
141 13 10880
141 14 8585
141 18 12325
141 22 12452
141 26 17637
141 27 15342
141 29 17000
142 24 31492
142 25 29410
142 26 31237
142 27 27115
142 28 29367
142 29 29112
143 22 22737
143 25 24565
143 28 25500
143 29 29325
144 27 18445
144 28 17807
144 29 20187
145 10 8882
145 11 9350
145 12 9010
145 14 9860
145 15 11050
145 16 10582
145 17 11220
145 18 11475
145 19 11390
145 20 11985
145 21 12112
145 22 12155
145 23 12155
145 24 12962
145 25 13600
145 26 13345
145 27 13515
145 28 13345
145 29 12835
146 0 7947
146 1 7140
146 2 8585
146 3 8797
146 4 9690
146 5 11007
146 6 11730
146 7 13260
146 8 12367
146 9 14407
146 10 13217
146 11 13302
146 12 13897
146 13 14705
146 14 15470
146 15 15767
146 16 15682
146 17 16575
146 18 17637
146 19 15300
146 21 17722
146 22 16532
146 23 17722
146 24 19082
146 25 19805
146 26 20825
146 27 20697
146 28 19422
146 29 19167
147 19 17212
147 20 18020
147 21 18317
147 22 17170
147 23 18827
147 24 19125
147 25 20315
147 26 21250
147 27 20655
147 28 19337
147 29 18955
148 22 15810
148 24 22652
148 25 20570
148 27 21760
148 28 23587
148 29 23460
149 20 43902
149 21 43137
149 22 45645
149 27 46920
149 28 48365
149 29 47175
150 7 60350
150 9 53507
150 10 51000
150 13 54910
150 16 58395
150 19 70762
150 24 64047
150 25 60775
150 26 57375
150 27 62900
150 28 63835
150 29 60732
151 7 38632
151 9 44285
151 10 44582
151 12 51042
151 13 53125
151 14 44242
151 15 46622
151 16 54952
151 18 51425
151 19 47515
151 25 51297
151 27 55165
151 28 58267
151 29 53507
152 15 19720
152 16 41990
152 18 40757
152 20 40545
152 21 42500
152 22 38632
152 23 42500
152 25 44837
152 26 43265
152 28 50617
152 29 53677
153 1 21250
153 2 22100
153 7 33362
153 8 27710
153 9 31152
153 10 30642
153 11 31450
153 12 30600
153 13 35360
153 14 40587
153 15 32512
153 16 35827
153 17 35572
153 18 34637
153 19 30175
153 23 34935
153 24 34000
153 26 36252
153 27 35785
153 28 37357
153 29 37570
154 1 39567
154 2 36167
154 4 44625
154 6 47642
154 7 50532
154 9 50787
154 10 46750
154 11 46750
154 12 46495
154 13 49597
154 14 47472
154 15 51000
154 16 55590
154 17 51212
154 18 55675
154 19 55802
154 20 52615
154 21 54187
154 22 61752
154 23 53422
154 24 53635
154 26 57502
154 27 56780
154 28 55505
154 29 60222
155 20 30217
155 21 30472
155 22 30005
155 23 30685
155 24 30005
155 25 31875
155 26 31875
155 27 31875
155 28 32427
155 29 33107
156 4 15087
156 7 16745
156 8 21207
156 9 20060
156 10 20017
156 12 22440
156 13 22057
156 14 26690
156 15 25755
156 16 25627
156 17 31832
156 18 26647
156 19 26860
156 20 27030
156 21 26307
156 22 24990
156 24 28560
156 25 28347
156 26 26180
156 27 27497
156 28 27370
156 29 28347
157 0 13472
157 1 14662
157 2 15597
157 3 18700
157 4 19975
157 5 22482
157 6 23375
157 7 22992
157 8 23247
157 9 24267
157 10 25542
157 11 25500
157 12 25500
157 13 27625
157 14 28347
157 15 29027
157 16 30812
157 17 29325
157 18 29835
157 19 32215
157 20 30685
157 21 31067
157 22 30727
157 23 31025
157 24 30090
157 25 32597
157 26 32640
157 27 32555
157 28 33702
157 29 34000
158 0 21250
158 1 19252
158 2 19762
158 4 21250
158 5 23077
158 6 25925
158 7 23162
158 8 25500
158 9 28050
158 10 27625
158 11 27837
158 12 27880
158 13 26690
158 14 27540
158 15 22227
158 16 23035
158 17 27412
158 18 26350
158 19 28942
158 20 31875
158 21 29325
158 22 30685
158 23 31195
158 25 30260
158 27 30770
158 28 30600
158 29 30472
159 3 25500
159 4 25542
159 5 28220
159 6 28687
159 7 29792
159 8 29580
159 9 30812
159 10 28475
159 11 31067
159 12 31960
159 13 33235
159 14 32342
159 15 29580
159 16 34340
159 17 30770
159 18 33915
159 19 33702
159 20 33192
159 21 34000
159 22 34212
159 23 36507
159 24 34000
159 25 37145
159 26 34595
159 27 34425
159 28 34722
159 29 33787
160 10 49512
160 13 50872
160 15 62942
160 16 60860
160 17 54867
160 18 60732
160 19 58947
160 20 54740
160 21 57927
160 22 58437
160 23 64770
160 24 57587
160 25 62432
160 26 58777
160 27 56652
160 28 57757
160 29 58990
161 8 20825
161 11 20655
161 12 19507
161 13 19720
161 14 23545
161 15 20782
161 16 22737
161 17 23630
161 18 25542
161 19 24140
161 20 22822
161 21 25500
161 22 26562
161 23 29282
161 24 27242
161 25 28347
161 26 29750
161 27 28305
161 28 28730
161 29 28730
162 25 33065
162 27 26902
162 28 30812
162 29 31492
163 23 28305
163 24 30727
163 27 28390
163 28 28347
163 29 28050
164 0 30345
164 1 30897
164 4 38250
164 5 41225
164 6 46750
164 7 49215
164 8 53422
164 9 48790
164 10 51000
164 11 46070
164 12 46325
164 13 49767
164 14 52912
164 15 52360
164 16 52317
164 17 49597
164 18 51595
164 19 51595
164 20 53932
164 21 58990
164 22 54102
164 24 54697
164 25 58820
164 26 59500
164 27 54102
164 28 56652
164 29 58055
165 1 12112
165 2 13727
165 3 17000
165 4 14492
165 5 19252
165 6 19422
165 7 18700
165 8 20357
165 9 24140
165 10 21250
165 11 26222
165 12 23162
165 13 22100
165 14 23035
165 15 20272
165 16 22270
165 17 22567
165 18 24820
165 19 26902
165 26 21845
165 27 22100
165 28 22057
165 29 22525
166 22 16405
166 24 18020
166 25 19040
166 26 19337
166 27 20017
166 28 20017
166 29 22100
167 6 42500
167 9 34765
167 12 42797
167 13 42925
167 14 39950
167 15 45560
167 16 48535
167 17 43435
167 18 40970
167 19 45560
167 20 44200
167 21 42925
167 22 44667
167 23 45347
167 25 49852
167 26 46367
167 27 46027
167 28 45517
167 29 45857
168 0 16320
168 1 18232
168 2 17127
168 3 19465
168 4 21292
168 5 22950
168 6 25500
168 7 24990
168 8 26435
168 9 26010
168 10 26605
168 11 28347
168 12 28560
168 13 29750
168 14 30345
168 15 30600
168 16 32172
168 17 31492
168 18 31450
168 19 34000
168 20 34340
168 21 34127
168 22 34552
168 23 33362
168 24 32810
168 25 35615
168 26 35402
168 27 35402
168 28 36422
168 29 36720
169 16 26435
169 17 28347
169 19 26647
169 20 29155
169 22 28347
169 23 28475
169 24 26817
169 26 32257
169 27 31705
169 28 33787
169 29 34212
170 23 30302
170 24 29750
170 25 34212
170 26 34467
170 27 35615
170 28 34255
170 29 35402
171 0 18785
171 1 19635
171 2 21250
171 3 21250
171 4 22780
171 5 26562
171 6 29155
171 7 29155
171 8 26732
171 9 28857
171 10 27157
171 11 27795
171 12 30387
171 13 27582
171 14 30472
171 15 31365
171 16 25457
171 17 30345
171 18 27965
171 19 31747
171 20 30175
171 21 30047
171 22 32385
171 23 31790
171 24 30727
171 25 31875
171 26 31917
171 27 32810
171 28 32300
171 29 34000
172 0 14110
172 1 12920
172 2 11602
172 6 13982
172 7 14152
172 8 15300
172 10 14535
172 11 14025
172 12 15300
172 13 20315
172 14 18700
172 15 18275
172 16 17467
172 17 18615
172 18 20527
172 19 17000
172 20 18615
172 22 24012
172 27 27285
172 28 27242
172 29 27497
173 0 14790
173 1 14832
173 2 17000
173 3 17000
173 4 19252
173 5 19847
173 6 21250
173 7 23035
173 8 23290
173 9 23162
173 10 22865
173 11 27115
173 12 27497
173 13 26902
173 14 28347
173 15 28347
173 16 29962
173 17 32470
173 18 31110
173 19 31832
173 20 32937
173 21 35870
173 22 36422
173 23 36635
173 24 37187
173 25 38590
173 26 38250
173 27 39185
173 28 38335
173 29 36847
174 24 20825
174 26 24012
174 27 24480
174 28 24395
174 29 26605
175 24 30175
175 25 28857
175 26 30175
175 27 30430
175 28 31450
175 29 32512
176 0 11645
176 1 12750
176 2 13812
176 3 15937
176 4 14535
176 5 15342
176 6 17382
176 7 18700
176 8 19507
176 9 18870
176 10 19847
176 11 18912
176 12 20102
176 13 22100
176 14 24607
176 15 24480
176 16 25500
176 17 26562
176 18 26052
176 19 25500
176 20 27837
176 21 27625
176 22 31365
176 24 30600
176 25 31960
176 26 33362
176 27 32300
176 28 32427
176 29 33660
177 21 29920
177 23 32045
177 24 31705
177 26 33192
177 29 36805
178 24 35572
178 27 37400
178 28 33320
178 29 38080
179 3 9265
179 4 10200
179 6 13047
179 8 14067
179 9 13132
179 13 14577
179 16 15852
179 17 15597
179 18 16192
179 19 17000
179 20 17000
179 21 17680
179 22 16745
179 23 17850
179 24 17807
179 25 19465
179 26 19125
179 27 19040
179 28 18530
179 29 18870
180 0 14960
180 1 13770
180 2 15300
180 3 14747
180 4 17255
180 5 18742
180 6 19847
180 7 20655
180 8 21250
180 9 21250
180 10 20740
180 11 20230
180 12 21377
180 13 24777
180 14 25500
180 15 25500
180 16 28687
180 17 28815
180 18 29835
180 19 30217
180 20 29495
180 21 33532
180 22 31875
180 23 33150
180 24 31152
180 25 33532
180 26 34765
180 27 36040
180 28 34935
180 29 35020
181 19 30812
181 20 30217
181 21 33532
181 22 31875
181 23 32130
181 24 34722
181 25 33065
181 26 34552
181 27 36550
181 28 34977
181 29 35020
182 1 12665
182 3 13005
182 4 15300
182 5 13770
182 6 14152
182 7 17850
182 8 16405
182 9 17510
182 10 17297
182 11 19082
182 12 19125
182 13 19125
182 14 20357
182 15 21250
182 16 22737
182 17 23545
182 18 22525
182 19 22355
182 20 21590
182 21 22397
182 22 23927
182 23 25330
182 24 24352
182 25 27370
182 26 25797
182 27 26350
182 28 25882
182 29 28347
183 5 23927
183 6 27880
183 7 28645
183 8 29580
183 10 27200
183 16 36295
183 17 39397
183 18 38207
183 19 35020
183 21 36040
183 22 40800
183 23 38632
183 24 38122
183 25 42457
183 26 41565
183 27 42500
183 28 41820
183 29 37825
184 0 8500
184 1 8287
184 2 8967
184 3 9095
184 4 10200
184 5 10582
184 6 11602
184 7 11687
184 8 12410
184 9 12920
184 10 12325
184 11 12367
184 12 12750
184 13 13472
184 14 13132
184 15 14450
184 16 15130
184 17 15640
184 18 14492
184 19 15555
184 20 15300
184 21 16065
184 22 16745
184 23 16745
184 24 16745
184 26 18700
184 27 18105
184 28 18700
184 29 18190
185 0 9860
185 1 12750
185 2 13047
185 3 14152
185 4 14620
185 5 17382
185 6 16447
185 7 17000
185 8 17382
185 9 20400
185 10 16787
185 11 18487
185 12 20017
185 13 21972
185 14 21462
185 15 23290
185 16 24140
185 17 23205
185 18 28092
185 19 29580
185 20 26605
185 22 29750
185 23 28347
185 24 30855
185 25 29750
185 26 29027
185 27 31875
185 28 34722
185 29 34850
186 18 14365
186 19 13515
186 20 14322
186 21 14875
186 22 16022
186 23 15640
186 24 17000
186 25 18572
186 26 17807
186 27 18147
186 28 17510
186 29 17637
187 0 9222
187 1 9392
187 2 9435
187 3 10540
187 5 12240
187 6 11135
187 11 15385
187 12 14152
187 13 17297
187 14 16107
187 15 14960
187 16 18912
187 17 19932
187 18 19422
187 19 21802
187 20 20017
187 21 21420
187 22 23800
187 23 25925
187 24 23120
187 25 24947
187 26 25797
187 27 25075
187 28 24947
187 29 23375
188 8 15172
188 11 16617
188 14 18402
188 16 20400
188 18 22567
188 19 21547
188 21 23545
188 22 26392
188 23 30175
188 24 30727
188 25 29367
188 26 29367
188 27 28900
188 28 27030
188 29 26647
189 21 4250
189 22 4207
189 23 4632
189 24 4462
189 25 4420
189 26 4590
189 27 4802
189 28 4632
189 29 4717
190 7 2040
190 9 2380
190 10 2337
190 11 2507
190 12 2422
190 13 2635
190 14 2677
190 15 2720
190 16 2720
190 17 2677
190 18 2975
190 19 2720
190 20 2847
190 21 2592
190 22 2720
190 23 2890
190 24 2805
190 25 2847
190 26 3102
190 27 2932
190 28 3145
190 29 3145
191 22 3655
191 23 3400
191 26 3442
191 27 3740
191 28 3910
191 29 3825
192 14 1955
192 15 1955
192 16 2040
192 17 2125
192 18 2210
192 19 2210
192 20 2210
192 21 2210
192 22 2295
192 23 2125
192 24 2210
192 25 2337
192 26 2252
192 27 2210
192 28 2210
192 29 2507
193 0 1190
193 3 1360
193 4 1360
193 5 1487
193 6 1615
193 7 1785
193 8 1785
193 9 1955
193 10 2167
193 11 2210
193 12 2337
193 13 2252
193 14 2380
193 15 2252
193 16 2380
193 17 2550
193 18 2507
193 19 2635
193 20 2677
193 21 2720
193 22 2720
193 23 2805
193 24 2805
193 25 2720
193 26 2890
193 27 2932
193 28 3017
193 29 2975
194 19 2507
194 20 2635
194 21 2635
194 22 2635
194 23 2720
194 24 2805
194 25 2762
194 26 2847
194 27 2847
194 28 2975
194 29 2975
195 19 2762
195 20 2890
195 21 2890
195 22 2890
195 23 2932
195 24 2932
195 25 2890
195 26 3017
195 27 2975
195 28 3017
195 29 2762
196 26 3230
196 28 3272
196 29 3315
197 15 2847
197 16 2507
197 17 2125
197 18 2125
197 19 2295
197 20 2380
197 23 2805
197 28 3400
197 29 3315
198 0 2295
198 1 2252
198 2 2380
198 3 2252
198 4 2677
198 5 2890
198 6 2550
198 7 3145
198 8 3527
198 9 3612
198 10 3527
198 11 3655
198 12 3740
198 13 3910
198 14 4462
198 15 4845
198 16 4845
198 17 4760
198 18 4717
198 19 4335
198 20 4717
198 21 4250
198 22 4590
198 23 4760
198 24 4887
198 25 5185
198 26 5440
198 27 5185
198 28 5312
198 29 5355
199 0 2337
199 1 2252
199 2 2380
199 3 2422
199 4 2422
199 5 2635
199 6 2805
199 7 3060
199 8 3272
199 9 3400
199 10 3782
199 11 3825
199 12 4037
199 13 4122
199 14 4165
199 15 4420
199 16 4632
199 17 4717
199 18 4887
199 19 4802
199 20 4717
199 21 5015
199 22 5100
199 23 5185
199 24 5100
199 25 5397
199 26 5397
199 27 5652
199 28 5652
199 29 5610
200 25 5227
200 26 5525
200 28 5567
200 29 5822
201 16 5992
201 17 5270
201 18 5780
201 19 6332
201 20 6757
201 21 6502
201 22 7437
201 23 6502
201 24 6757
201 25 6842
201 26 7055
201 27 6970
201 28 7650
201 29 7650
202 4 2125
202 6 2592
202 7 2465
202 8 2975
202 10 3187
202 11 3230
202 12 2762
202 13 3400
202 14 3655
202 15 3655
202 16 3485
202 17 3485
202 18 3442
202 19 3825
202 28 4887
202 29 4760
203 0 2295
203 1 2082
203 2 2167
203 3 2380
203 4 2380
203 5 2380
203 6 2592
203 7 2762
203 8 2720
203 9 3060
203 10 3102
203 11 3442
203 12 3612
203 13 3697
203 14 3782
203 15 3910
203 16 4080
203 17 4250
203 18 4420
203 19 4505
203 20 4845
203 21 4632
203 22 4632
203 23 4802
203 24 4887
203 25 4802
203 26 5057
203 27 4845
203 28 5100
203 29 5185
204 18 2337
204 19 2380
204 20 2210
204 21 2295
204 22 2295
204 23 2380
204 24 2210
204 25 2337
204 26 2380
204 27 2720
204 28 2762
204 29 2762
205 24 2507
205 25 2507
205 27 2677
205 29 3272
206 6 2635
206 7 2847
206 9 3187
206 10 3357
206 12 3825
206 13 3655
206 14 3910
206 15 4080
206 16 4292
206 17 4207
206 18 4675
206 19 4802
206 20 4845
206 21 4717
206 22 4760
206 23 4972
206 24 5312
206 25 5015
206 26 5312
206 27 5015
206 28 5142
206 29 5355
207 22 6502
207 24 6545
207 27 6460
207 28 7140
207 29 6715
208 16 2167
208 17 2125
208 18 2295
208 19 2380
208 20 2295
208 21 2847
208 22 2805
208 24 2295
208 27 3102
208 29 2635
209 25 2635
209 27 2635
209 28 2720
209 29 2720
210 25 2762
210 27 2932
210 28 3187
210 29 3230
211 12 1657
211 15 2040
211 16 2337
211 17 2465
211 18 2167
211 19 2252
211 20 2210
211 21 2040
211 22 2082
211 23 2252
211 24 2337
211 25 2507
211 26 2720
211 27 2550
211 28 2677
211 29 2635
212 27 5440
212 28 5440
212 29 5440
213 24 2677
213 25 2592
213 27 2847
213 28 3060
213 29 3102
214 26 2465
214 27 2720
214 28 2635
214 29 2465
215 20 4250
215 21 4165
215 22 4122
215 25 4802
215 27 4760
215 29 5822
216 17 4207
216 18 4207
216 19 4250
216 20 4377
216 21 4080
216 22 4377
216 24 4760
216 25 5312
216 26 5270
216 27 5270
216 28 5100
216 29 5227
217 14 2507
217 15 2295
217 16 2932
217 17 2635
217 18 2805
217 19 2890
217 20 2635
217 21 2805
217 22 3017
217 23 2847
217 24 2805
217 25 2890
217 26 3187
217 27 2720
217 28 2847
217 29 3145
218 13 3060
218 14 3102
218 15 3102
218 16 2847
218 19 3612
218 20 3782
218 22 3910
218 23 3867
218 24 3357
218 25 3740
218 26 3442
218 27 3655
218 28 3442
218 29 3570
219 27 2125
219 28 1997
219 29 1997
220 17 6587
220 18 6842
220 19 7522
220 20 7437
220 21 7437
220 22 7735
220 23 7862
220 24 7905
220 25 7820
220 26 8160
220 27 7947
220 28 7947
220 29 8202
221 5 3910
221 6 4675
221 8 5227
221 9 5610
221 10 5525
221 11 5355
221 12 6162
221 13 6290
221 14 6375
221 15 6842
221 16 7310
221 17 7352
221 18 7777
221 19 8500
221 20 7437
221 21 8245
221 22 7777
221 23 8287
221 24 8415
221 25 7777
221 26 8160
221 27 7990
221 28 8245
221 29 8117
222 22 7820
222 23 7947
222 24 8160
222 25 8542
222 26 8160
222 27 8160
222 28 8372
222 29 8627
223 23 9945
223 24 9902
223 25 10412
223 26 10327
223 27 10200
223 28 10497
223 29 10497
224 21 10710
224 22 11092
224 23 10625
224 24 10922
224 25 10540
224 26 11347
224 27 11050
224 28 11730
224 29 11347
225 8 5142
225 9 5312
225 10 5822
225 11 6332
225 12 6247
225 13 6290
225 14 6630
225 15 6672
225 16 7267
225 17 7777
225 18 8117
225 19 8160
225 20 8500
225 21 8670
225 22 8840
225 23 8797
225 24 9137
225 25 9392
225 26 9435
225 27 9180
225 28 9435
225 29 9265
226 25 9775
226 26 10242
226 27 9732
226 28 10072
226 29 10200
227 8 4462
227 9 4632
227 10 4972
227 11 5185
227 12 5525
227 13 5822
227 14 5907
227 15 6460
227 16 6502
227 17 6927
227 18 6970
227 19 7055
227 20 7395
227 21 7140
227 22 7522
227 23 7692
227 24 7522
227 25 8075
227 26 8457
227 27 8117
227 28 7735
227 29 7735
228 0 3315
228 1 3315
228 2 3230
228 3 3357
228 4 3485
228 5 3655
228 6 3995
228 7 4675
228 8 4717
228 9 4930
228 10 5270
228 11 5610
228 12 5822
228 13 6035
228 14 6247
228 15 6545
228 16 6715
228 17 7140
228 18 7352
228 19 7565
228 20 7565
228 21 7650
228 22 7777
228 23 7905
228 24 7862
228 25 8287
228 26 8670
228 27 8372
228 28 8330
228 29 8500
229 0 4420
229 1 4462
229 2 4760
229 3 5015
229 4 5100
229 5 5652
229 6 5992
229 7 6375
229 8 6460
229 9 6800
229 10 7012
229 11 7437
229 12 7820
229 13 8245
229 14 8840
229 15 9052
229 16 10072
229 17 10285
229 18 10795
229 19 10880
229 20 11347
229 21 11772
229 22 11432
229 23 11687
229 24 11475
229 28 11772
229 29 12027
230 2 6077
230 3 6375
230 4 6375
230 5 7055
230 6 7607
230 7 7607
230 8 8287
230 9 8287
230 10 8925
230 11 9647
230 12 9987
230 13 10540
230 14 10540
230 15 11857
230 16 13642
230 17 14025
230 18 14662
230 19 14280
230 21 10285
230 22 10795
230 27 17085
230 28 17850
230 29 18147
231 27 9690
231 28 9945
231 29 10072
232 16 3187
232 17 2592
232 18 3145
232 19 2890
232 20 2975
232 21 2890
232 22 2975
232 24 3230
232 25 3145
232 26 3272
232 27 3230
232 28 3230
232 29 3485
233 8 3782
233 11 4590
233 13 5355
233 14 5355
233 15 6162
233 16 6120
233 17 6502
233 18 6587
233 19 6587
233 20 6800
233 21 7097
233 22 7140
233 23 6970
233 24 7225
233 25 7820
233 26 7820
233 27 7777
233 28 7692
233 29 7905
234 8 4930
234 9 5737
234 10 6035
234 11 6247
234 12 5822
234 13 6630
234 14 7097
234 15 7480
234 16 7990
234 17 8287
234 18 8075
234 19 8797
234 20 8330
234 21 8670
234 22 8755
234 23 9052
234 24 8967
234 25 9605
234 26 10667
234 27 10837
234 28 10540
234 29 11007
235 1 2762
235 3 2762
235 4 2975
235 5 3230
235 6 3527
235 7 4037
235 8 4292
235 9 4420
235 10 4717
235 11 4760
235 12 5142
235 13 5312
235 14 5695
235 15 5907
235 16 6205
235 17 6417
235 18 6672
235 19 6800
235 20 6800
235 21 6842
235 22 7012
235 23 7055
235 24 7140
235 25 7522
235 26 7990
235 27 7480
235 28 7395
235 29 7395
236 24 3910
236 27 3655
236 28 3655
236 29 3655
237 13 5780
237 14 6672
237 15 6417
237 16 6460
237 17 6800
237 18 7352
237 19 7437
237 20 7650
237 21 7650
237 22 8075
237 23 8202
237 24 8075
237 25 8415
237 26 8542
237 27 8415
237 28 8372
237 29 8585
238 16 9095
238 18 9350
238 19 9902
238 20 9562
238 21 10455
238 22 10922
238 23 10200
238 24 10667
238 25 10582
238 26 11985
238 27 11135
238 28 10795
238 29 11177
239 23 9180
239 25 7437
239 26 7437
239 27 7437
239 28 7480
239 29 7352
240 0 3655
240 1 3400
240 2 3570
240 3 3442
240 4 3952
240 5 4122
240 6 4632
240 7 4930
240 8 5185
240 9 5737
240 10 5780
240 11 6120
240 12 5865
240 13 6715
240 14 6715
240 15 6800
240 16 7182
240 17 7650
240 18 7777
240 19 7395
240 20 7947
240 21 8415
240 22 8500
240 23 8372
240 24 8712
240 25 8202
240 26 8755
240 27 8712
240 28 8032
240 29 8457
241 19 9222
241 20 9052
241 21 9307
241 23 9902
241 24 9775
241 25 9902
241 26 9987
241 27 9520
241 28 9435
241 29 9477
242 21 6885
242 24 6375
242 25 7437
242 29 8075
243 15 8500
243 17 9435
243 18 9902
243 19 10200
243 20 11262
243 21 10922
243 22 9350
243 23 9307
243 24 9392
243 26 11772
243 27 11347
243 28 11390
243 29 11475
244 0 4080
244 1 4037
244 2 4207
244 3 4462
244 4 5057
244 5 4675
244 6 5567
244 7 5652
244 8 5992
244 9 6587
244 10 6502
244 11 7097
244 12 7395
244 13 8032
244 14 8117
244 15 8797
244 16 8967
244 17 9222
244 18 9775
244 19 9562
244 20 8202
244 21 9350
244 22 9095
244 23 9477
244 24 9902
244 25 9307
244 26 9350
244 27 9775
244 28 9690
244 29 9732
245 0 3825
245 1 3740
245 2 3697
245 3 4080
245 4 3952
245 5 4462
245 6 5185
245 7 5312
245 8 5355
245 9 5950
245 10 6077
245 11 6375
245 12 6757
245 13 6970
245 14 7395
245 15 7777
245 16 8245
245 17 8500
245 18 8500
245 19 8712
245 20 8925
245 21 9222
245 22 9307
245 23 9605
245 24 9477
245 25 9732
245 26 10030
245 27 10030
245 28 10072
245 29 10242
246 10 7777
246 11 7947
246 12 8755
246 13 9265
246 14 9265
246 15 9605
246 16 11220
246 17 11475
246 18 10625
246 19 11772
246 20 11900
246 21 11730
246 22 12622
246 23 12282
246 24 12792
246 25 12027
246 26 13047
246 27 12495
246 28 12962
246 29 13260
247 20 6927
247 21 6970
247 22 6842
247 23 6885
247 24 7267
247 25 7225
247 26 7140
247 27 7097
247 28 7310
247 29 7437
248 0 4972
248 1 5227
248 2 5227
248 3 5355
248 4 5440
248 5 5780
248 7 6120
248 8 7097
248 9 7310
248 10 7692
248 11 7735
248 12 8075
248 13 8542
248 14 9137
248 15 9817
248 16 9690
248 17 10540
248 18 10710
248 19 11135
248 20 10625
248 21 11050
248 22 11347
248 23 11772
248 24 12367
248 25 11772
248 26 11432
248 27 11900
248 28 12197
248 29 12537
249 23 6970
249 24 7310
249 25 8032
249 26 8117
249 27 8117
249 28 8117
249 29 7947
250 9 5270
250 10 5440
250 11 5822
250 12 6332
250 13 6757
250 14 6970
250 15 7097
250 16 7692
250 18 8287
250 19 8415
250 20 8755
250 21 9520
250 22 9010
250 24 11007
250 25 11475
250 26 11772
250 27 11900
250 28 11475
250 29 10752
251 0 4760
251 1 4165
251 2 4420
251 3 4335
251 4 5185
251 5 4760
251 6 5397
251 7 5652
251 8 6120
251 9 6205
251 10 7097
251 11 6757
251 12 7182
251 13 7565
251 14 7735
251 15 8500
251 16 8925
251 17 9180
251 18 9605
251 19 9477
251 20 10072
251 21 10242
251 22 10412
251 23 10412
251 24 10327
251 25 10667
251 26 10412
251 27 10837
251 28 10922
251 29 9945
252 0 4505
252 1 4165
252 2 4080
252 3 4292
252 4 4972
252 5 4930
252 6 5227
252 7 5525
252 8 5992
252 9 6332
252 10 6332
252 11 7012
252 12 7267
252 13 7692
252 14 8117
252 15 8500
252 16 8755
252 17 9180
252 18 9605
252 19 9775
252 20 9732
252 21 9180
252 22 9817
252 23 9562
252 24 10497
252 25 10667
252 26 10667
252 27 10582
252 28 11050
252 29 11177
253 20 7437
253 21 7650
253 22 7735
253 23 7522
253 27 7267
253 28 7862
253 29 7905
254 21 10625
254 22 10880
254 23 11815
254 24 10922
254 25 11560
254 26 10625
254 27 11432
254 28 11092
254 29 11347
255 27 9902
255 28 10200
255 29 10242
256 21 10710
256 22 10922
256 23 10327
256 24 10795
256 25 10455
256 26 11092
256 27 10880
256 28 11390
256 29 11135
257 0 4802
257 1 5100
257 2 4845
257 3 5185
257 4 5397
257 5 5737
257 6 6502
257 7 6800
257 8 7352
257 9 7480
257 10 7990
257 11 8500
257 12 8925
257 13 8797
257 14 9392
257 15 10030
257 16 9860
257 17 10497
257 18 10370
257 19 11687
257 21 12877
257 22 12495
257 23 11560
257 24 11602
257 25 11985
257 27 14152
257 28 14577
257 29 14365
258 0 3910
258 1 3782
258 2 4165
258 3 4590
258 4 4717
258 5 5482
258 6 5355
258 7 5397
258 8 6247
258 9 6120
258 10 6460
258 11 7055
258 12 7565
258 13 8075
258 14 7607
258 15 8075
258 16 8670
258 17 8755
258 18 9180
258 19 9095
258 20 9052
258 21 9137
258 22 8882
258 23 10200
258 24 9095
258 25 9775
258 26 10200
258 27 10072
258 28 9477
258 29 10072
259 0 4122
259 1 3995
259 2 4250
259 3 4335
259 4 4760
259 5 5015
259 6 5312
259 7 5652
259 8 6035
259 9 6247
259 10 6417
259 11 6842
259 12 7182
259 13 7310
259 14 7735
259 15 8202
259 16 8500
259 17 8755
259 18 8925
259 19 8967
259 20 8075
259 21 8160
259 22 8372
259 23 8500
259 24 8500
259 25 8755
259 26 9137
259 27 9010
259 28 8925
259 29 8882
260 0 4122
260 1 4080
260 2 4377
260 8 6247
260 9 6077
260 10 6757
260 11 5440
260 12 6800
260 13 7735
260 14 7437
260 15 8372
260 16 8882
260 17 8882
260 18 9435
260 19 9180
260 20 9265
260 21 9095
260 22 9307
260 23 8500
260 24 8967
260 25 8712
260 26 9350
260 27 9605
260 28 9520
260 29 9605
261 0 4930
261 1 4377
261 2 4335
261 3 4675
261 4 5142
261 5 5355
261 6 5695
261 7 6162
261 8 6502
261 9 6672
261 10 6842
261 11 7055
261 12 7735
261 13 7650
261 14 8117
261 15 8585
261 16 9180
261 17 9647
261 18 9732
261 19 9945
261 20 9987
261 21 10157
261 22 10157
261 23 10625
261 24 10582
261 25 10625
261 26 10497
261 27 10837
261 28 10710
261 29 10710
262 0 4122
262 1 3655
262 20 9775
262 21 9222
262 22 10115
262 23 10115
262 24 10455
262 25 10497
262 26 10667
262 27 10625
262 28 10837
262 29 10497
263 6 3697
263 7 4250
263 8 4590
263 9 4717
263 10 5185
263 11 5270
263 12 5355
263 13 5737
263 14 6077
263 15 6460
263 16 6800
263 17 7140
263 18 7267
263 19 7310
263 20 7692
263 21 7735
263 22 8075
263 23 7905
263 24 8117
263 25 8372
263 26 8372
263 27 8542
263 28 8797
263 29 8585
264 15 7777
264 16 8500
264 17 8500
264 18 8287
264 19 8245
264 21 9307
264 24 9095
264 25 9265
264 26 9307
264 29 10880
265 2 8500
265 3 8967
265 4 9945
265 5 10370
265 6 11305
265 7 12877
265 8 11900
265 9 12962
265 10 13345
265 11 13855
265 12 13897
265 13 14152
265 14 14450
265 15 14960
265 16 15767
265 17 15852
265 18 15555
265 19 16320
265 20 16022
265 21 15597
265 22 16957
265 23 17595
265 24 15342
265 26 18700
265 27 18360
265 28 18572
265 29 18615
266 4 10752
266 5 12027
266 6 13260
266 7 13897
266 8 14152
266 9 14577
266 10 14832
266 11 14662
266 12 15597
266 13 16320
266 14 16277
266 15 17000
266 16 18232
266 17 17935
266 18 18402
266 19 19125
266 20 20060
266 21 20442
266 22 21080
266 23 21080
266 24 22525
266 25 23035
266 26 22652
266 27 21802
266 28 22270
266 29 24182
267 20 5950
267 22 5992
267 23 6502
267 24 6927
267 25 6205
267 27 6290
267 28 6247
267 29 6460
268 20 10795
268 21 10922
268 22 11092
268 23 11645
268 24 12877
268 25 12877
268 26 13005
268 27 14875
268 28 14110
268 29 12835
269 23 17425
269 24 17680
269 26 17425
269 27 18572
269 28 17637
269 29 18147
270 0 6247
270 1 6375
270 2 6545
270 3 7650
270 4 7097
270 5 7692
270 6 8500
270 7 9052
270 8 9222
270 9 9605
270 10 10200
270 11 10200
270 12 10625
270 13 11220
270 14 11262
270 15 11985
270 16 12282
270 17 11985
270 18 12750
270 19 13260
270 20 13217
270 21 13430
270 22 13982
270 23 14322
270 24 13940
270 25 14875
270 26 15470
270 27 15470
270 28 15640
270 29 15300
271 0 8755
271 1 8500
271 2 9435
271 3 9860
271 4 10030
271 5 10880
271 6 11135
271 7 12495
271 8 12452
271 9 13345
271 10 13770
271 11 13855
271 12 13897
271 13 14025
271 14 14577
271 15 15852
271 16 16447
271 17 17000
271 18 16702
271 19 17510
271 20 16787
271 21 17425
271 22 17850
271 23 18402
271 24 18232
271 25 19422
271 26 19337
271 27 19082
271 28 19252
271 29 19677
272 20 13600
272 21 13600
272 22 13302
272 23 13855
272 24 14237
272 25 15937
272 26 14747
272 27 15300
272 28 15045
272 29 15300
273 20 13642
273 21 13430
273 22 14025
273 23 13982
273 24 15640
273 25 16320
273 26 17085
273 27 18487
273 28 16447
273 29 17977
274 0 5355
274 1 4632
274 2 5355
274 3 5780
274 4 6545
274 5 6715
274 6 7352
274 7 7650
274 8 7650
274 9 8160
274 10 8797
274 11 8670
274 12 8500
274 13 8925
274 14 9562
274 15 9775
274 16 9987
274 17 10625
274 18 10625
274 19 11007
274 20 10327
274 21 11517
274 22 11177
274 23 12155
274 24 11687
274 26 13472
274 27 13770
274 28 13600
274 29 13260
275 0 5312
275 1 5100
275 2 5397
275 3 5737
275 4 6630
275 5 7225
275 6 7437
275 7 7820
275 8 8415
275 9 8500
275 10 8755
275 11 9052
275 12 9222
275 13 9860
275 14 9562
275 15 10200
275 16 10412
275 17 11135
275 18 11602
275 19 11390
275 20 11560
275 21 11900
275 22 11772
275 23 12750
275 24 13217
275 25 13175
275 26 13770
275 27 13855
275 28 14152
275 29 14407
276 15 13727
276 16 13005
276 17 12665
276 18 12835
276 20 13600
276 21 13727
276 22 18530
276 25 15045
276 26 17510
276 27 17595
276 28 17382
276 29 16490
277 1 4717
277 2 4632
277 3 5100
277 4 5907
277 5 6162
277 6 6757
277 7 7395
277 8 7565
277 9 7395
277 10 7947
277 11 8117
277 12 8500
277 13 8840
277 14 8500
277 15 9265
277 16 9350
277 17 9775
277 18 9562
277 19 10072
277 20 10497
277 21 10625
277 22 10540
277 23 11135
277 24 11177
277 25 11602
277 26 11517
277 27 11560
277 28 11347
277 29 11772
278 4 6885
278 5 7352
278 6 8117
278 7 8245
278 10 9435
278 14 10710
278 15 11092
278 16 11347
278 17 12410
278 18 12750
278 19 12622
278 20 12920
278 21 12750
278 22 12835
278 23 13260
278 24 13260
278 25 13642
278 26 13897
278 27 13770
278 28 15555
278 29 14620
279 23 11390
279 24 12665
279 25 12240
279 26 12452
279 27 12792
279 28 13727
279 29 13685
280 0 4590
280 1 4420
280 2 4505
280 3 5227
280 4 5100
280 5 5822
280 6 6120
280 7 6332
280 8 6885
280 9 7565
280 10 7777
280 11 7947
280 12 8202
280 13 8160
280 14 7990
280 15 8075
280 16 8245
280 17 8712
280 18 9052
280 19 8925
280 20 8925
280 21 9222
280 22 9222
280 23 10200
280 24 10200
280 25 10455
280 26 10370
280 27 9690
280 28 9945
280 29 10030
281 16 8372
281 17 8287
281 18 8245
281 19 7862
281 20 8330
281 21 8500
281 22 8500
281 23 9222
281 24 9605
281 25 9392
281 26 9817
281 27 8840
281 28 9265
281 29 9435
282 17 9520
282 18 10497
282 19 10625
282 20 10837
282 21 11177
282 22 11050
282 23 11645
282 24 12027
282 25 11900
282 26 12580
282 27 12792
282 28 13260
282 29 13260
283 4 6630
283 5 7607
283 6 8500
283 9 10030
283 11 9350
283 14 10625
283 15 11390
283 16 11730
283 17 11857
283 18 12027
283 19 12750
283 20 11475
283 21 12665
283 22 12495
283 23 13557
283 24 13685
283 25 14025
283 26 14025
283 27 14025
283 28 14492
283 29 14195
284 13 10157
284 14 10285
284 15 10582
284 16 11602
284 17 11517
284 18 11815
284 19 11942
284 20 12580
284 21 13600
284 22 12962
284 23 14110
284 24 13175
284 25 13600
284 26 14195
284 27 13812
284 29 14322
285 4 6587
285 5 7055
285 6 8117
285 7 8287
285 8 8627
285 9 8500
285 13 10370
285 14 10795
285 15 10752
285 16 11177
285 17 12027
285 18 12750
285 19 12070
285 20 12622
285 21 12580
285 22 12240
285 23 12240
285 24 12240
285 25 12750
285 26 13727
285 27 13727
285 28 14195
285 29 14025
286 22 9987
286 23 11347
286 24 11517
286 25 10837
286 27 11815
286 29 11857
287 0 5652
287 1 5652
287 2 5865
287 3 6842
287 4 6460
287 5 7012
287 6 7862
287 7 8542
287 8 8627
287 9 8840
287 10 8967
287 11 8925
287 12 10370
287 13 9860
287 14 10455
287 15 10582
287 16 11475
287 17 11942
287 18 12197
287 19 12537
287 20 12282
287 21 12367
287 22 12537
287 23 14152
287 24 13855
287 25 15130
287 26 15597
287 27 14620
287 28 14917
287 29 14705
288 0 6800
288 1 6502
288 2 6630
288 3 7650
288 4 7650
288 5 8457
288 6 8967
288 7 8967
288 8 9052
288 9 10200
288 10 10370
288 11 10625
288 12 10412
288 13 10965
288 14 10837
288 15 12155
288 16 11517
288 17 11475
288 18 12367
288 19 12282
288 20 12197
288 21 12325
288 22 12452
288 23 13472
288 24 13600
288 25 15172
288 26 14790
288 27 14832
288 28 14492
288 29 14280
289 3 5865
289 4 6162
289 5 6800
289 6 7267
289 7 7692
289 8 7820
289 9 8372
289 10 8542
289 11 8755
289 12 8967
289 13 8967
289 14 9052
289 15 9137
289 16 8925
289 17 9902
289 18 10327
289 19 10922
289 20 11007
289 21 11092
289 22 11475
289 23 12112
289 24 13685
289 25 12580
289 26 13472
289 27 14152
289 28 14450
289 29 14110
290 4 5865
290 5 6290
290 6 6885
290 9 8797
290 13 8840
290 14 9435
290 15 9945
290 16 10497
290 17 10625
290 18 11050
290 19 10880
290 20 10327
290 21 10455
290 22 11050
290 23 10540
290 24 10965
290 25 10795
290 26 11602
290 27 11475
290 28 10837
290 29 10157
291 22 12537
291 24 13175
291 25 14832
291 26 15385
291 27 13727
291 28 14152
291 29 14195
292 14 13982
292 16 15385
292 17 13642
292 18 12325
292 22 13302
292 24 16277
292 25 16362
292 27 18062
292 28 16957
292 29 17170
293 10 10540
293 11 11092
293 12 11730
293 14 13132
293 16 15257
293 18 12622
293 19 13770
293 20 13430
293 21 13727
293 22 13642
293 23 13685
293 24 13472
293 25 13557
293 26 14875
293 27 13302
293 29 25415
294 1 6672
294 4 6800
294 5 10667
294 6 7225
294 7 8712
294 8 9945
294 9 10752
294 10 9817
294 11 10922
294 12 10497
294 13 12367
294 14 10157
294 15 11942
294 16 12750
294 17 12580
294 18 11857
294 19 12367
294 21 4037
294 24 13345
294 25 15300
294 27 13855
294 28 13770
294 29 14832
295 19 18190
295 20 18530
295 22 15300
295 23 15385
295 24 16490
295 26 12962
295 27 13047
295 29 15640
296 20 11475
296 21 11560
296 22 11900
296 23 11900
296 24 12877
296 25 13982
296 26 13472
296 27 13302
296 28 13217
296 29 13217
297 22 11262
297 23 12027
297 24 12070
297 25 11730
297 26 12410
297 27 12070
297 28 13472
297 29 12707
298 0 5355
298 1 5312
298 2 5525
298 3 5992
298 4 6332
298 5 7182
298 6 7735
298 7 7990
298 8 8202
298 9 8585
298 10 8882
298 11 9307
298 12 9392
298 13 9817
298 14 10200
298 15 10667
298 16 11050
298 17 11390
298 18 11432
298 19 11645
298 20 11857
298 21 12027
298 22 11900
298 23 12580
298 24 12750
298 25 13132
298 26 13685
298 27 14237
298 28 14152
298 29 13897
299 0 5100
299 1 5397
299 2 5270
299 3 5737
299 4 6205
299 5 6672
299 6 7310
299 7 7820
299 8 8075
299 9 8032
299 10 8117
299 11 8925
299 12 8967
299 13 9477
299 14 9010
299 15 9222
299 16 9180
299 17 10072
299 18 10200
299 19 10625
299 20 11050
299 21 11220
299 22 11050
299 23 12282
299 24 12410
299 25 12920
299 26 12537
299 27 12750
299 28 12282
299 29 12282
300 1 9520
300 2 10880
300 3 10200
300 4 10752
300 5 11347
300 6 11900
300 7 12537
300 8 14237
300 9 14110
300 10 14747
300 11 14875
300 12 15002
300 13 15385
300 14 16362
300 15 16660
300 16 17000
300 17 17000
300 18 18700
300 19 17977
300 20 17892
300 21 18657
300 22 20527
300 23 20357
300 24 19550
300 26 23417
300 27 22610
300 28 23247
300 29 22865
301 20 11390
301 21 11517
301 22 11517
301 23 12155
301 24 12452
301 25 13005
301 26 13217
301 27 13770
301 28 13387
301 29 12665
302 4 7650
302 5 7905
302 6 8075
302 7 9180
302 8 8797
302 9 9350
302 10 9477
302 11 10667
302 13 10752
302 14 10965
302 15 10795
302 16 11347
302 17 12665
302 18 13430
302 19 12835
302 20 14620
302 21 14152
302 22 15810
302 23 15640
302 24 16447
302 25 16150
302 26 16150
302 27 17000
302 28 17510
302 29 16617
303 0 5652
303 1 6375
303 2 5737
303 3 6035
303 4 6247
303 5 6290
303 6 6842
303 7 7097
303 8 7650
303 9 8330
303 10 8755
303 11 8415
303 12 8925
303 13 8967
303 14 8925
303 15 9520
303 16 9775
303 17 10370
303 18 10837
303 19 10837
303 20 11432
303 21 10710
303 22 10412
303 23 11857
303 24 11220
303 25 12580
303 26 13982
303 27 14790
303 28 14195
303 29 13812
304 0 5950
304 1 6120
304 2 6247
304 3 6757
304 4 7097
304 5 7607
304 6 8500
304 7 8712
304 8 8755
304 9 9350
304 10 9477
304 11 9647
304 12 10242
304 13 10455
304 14 10625
304 15 11177
304 16 11602
304 17 12027
304 18 12282
304 19 12410
304 20 11985
304 21 12197
304 22 12495
304 23 12622
304 24 12452
304 25 13727
304 26 12750
304 27 13132
304 28 13345
304 29 13175
305 13 8882
305 14 7650
305 15 7862
305 16 9732
305 17 7862
305 18 9137
305 19 7990
305 21 8457
305 22 8032
305 27 9605
305 29 8415
306 2 5992
306 3 6375
306 4 7012
306 5 7267
306 6 7862
306 7 8372
306 8 9222
306 9 9180
306 10 9435
306 11 9605
306 12 9945
306 13 10030
306 14 10370
306 15 10880
306 16 11645
306 17 11092
306 18 11900
306 19 12537
306 20 12622
306 21 13472
306 22 12877
306 23 13090
306 24 13600
306 25 13727
306 26 13940
306 27 13982
306 28 14152
306 29 14237
307 20 17637
307 21 17552
307 22 17595
307 23 18572
307 24 18657
307 25 21250
307 26 21675
307 27 20060
307 28 20867
307 29 19125
308 19 12027
308 20 11900
308 21 12835
308 22 13685
308 23 12452
308 24 13090
308 25 13430
308 26 13090
308 27 14237
308 28 13940
308 29 13727
309 26 12835
309 27 12112
309 28 11645
309 29 12155
310 26 11900
310 27 12155
310 28 12112
310 29 12027
311 21 16617
311 22 17170
311 24 21760
311 25 22227
311 26 21037
311 27 20782
311 28 21845
311 29 21292
312 27 12580
312 28 12027
312 29 11687
313 23 14237
313 24 13175
313 25 14705
313 26 14492
313 27 13600
313 28 14067
313 29 13855
314 23 13260
314 25 15640
314 26 14875
314 27 14705
314 28 15130
314 29 14875
315 3 5907
315 4 6332
315 5 7352
315 6 7267
315 7 7862
315 8 8075
315 9 8287
315 10 8925
315 11 8925
315 12 8967
315 13 9562
315 14 10072
315 15 10370
315 16 11092
315 17 11390
315 18 11347
315 19 11517
315 20 11517
315 21 11687
315 22 12282
315 23 12835
315 24 12750
315 25 13685
315 26 12707
315 27 13600
315 28 13557
315 29 13770
316 0 5440
316 3 6162
316 4 6417
316 5 6970
316 6 8032
316 7 7947
316 8 8500
316 9 8755
316 10 8882
316 11 9095
316 12 9647
316 13 10327
316 14 10412
316 15 11092
316 16 11135
316 17 11305
316 18 11475
316 19 12197
316 20 11390
316 21 11475
316 26 14535
316 27 14067
316 28 15682
316 29 14577
317 18 14025
317 19 15172
317 20 16320
317 21 16277
317 22 16830
317 23 17255
317 24 16745
317 25 18487
317 27 18997
317 28 17467
317 29 17552
318 14 13982
318 15 15342
318 16 15597
318 17 17000
318 18 17000
318 19 17000
318 20 17000
318 21 18232
318 22 18105
318 23 17637
318 24 18870
318 26 22992
318 28 16787
318 29 17340
319 1 2337
319 2 2295
319 3 2465
319 4 2677
319 5 2890
319 6 3145
319 7 3485
319 8 3740
319 9 3825
319 10 4080
319 11 4165
319 12 4250
319 13 4590
319 14 4675
319 15 5015
319 16 5142
319 17 5397
319 18 5482
319 19 5610
319 20 5610
319 21 5737
319 22 5822
319 23 6120
319 24 6417
319 25 6715
319 26 6800
319 27 6927
319 28 6800
319 29 6842
320 0 2125
320 2 2337
320 3 2380
320 4 2550
320 5 2847
320 6 2805
320 7 3400
320 8 3697
320 9 3867
320 10 3910
320 11 4122
320 12 4037
320 13 4420
320 14 4675
320 15 4845
320 16 5100
320 17 5397
320 18 5525
320 19 5525
320 20 5822
320 21 5695
320 22 5950
320 23 6375
320 24 6545
320 25 6672
320 26 6630
320 27 6417
320 28 6502
320 29 6502
321 4 3400
321 7 3527
321 8 4037
321 9 4420
321 10 4547
321 11 4547
321 12 5142
321 13 2507
321 14 3867
321 15 5525
321 16 5440
321 17 6035
321 18 6587
321 19 6800
321 20 6927
321 21 6800
321 22 7267
321 23 7650
321 24 7437
321 25 7522
321 26 6927
321 27 6800
321 28 6842
321 29 7225
322 7 1785
322 9 1785
322 11 1912
322 12 2125
322 13 1912
322 14 1955
322 15 1955
322 16 1997
322 17 2167
322 18 2550
322 19 2167
322 20 2167
322 21 2210
322 22 2422
322 23 2380
322 24 2507
322 25 2422
322 26 2762
322 27 2635
322 28 2805
322 29 3145
323 23 4207
323 24 4207
323 25 4122
323 26 3910
323 27 3782
323 28 4080
323 29 4165
324 23 5695
324 24 6332
324 25 6375
324 26 6375
324 27 6247
324 28 6460
324 29 6502
325 24 3612
325 25 3910
325 29 4335
326 24 4292
326 25 4420
326 26 4122
326 27 4250
326 28 4250
326 29 4250
327 20 5695
327 23 6417
327 24 6162
327 25 6375
327 26 6205
327 27 6247
327 28 6120
327 29 6247
328 19 5100
328 20 5355
328 21 5610
328 22 5482
328 23 5610
328 24 6375
328 25 7182
328 26 6672
328 27 6715
328 28 7012
328 29 7182
329 19 5780
329 20 5780
329 21 5950
329 22 5950
329 23 6162
329 24 6460
329 25 6630
329 26 6715
329 27 6885
329 28 6927
329 29 6800
330 0 2337
330 1 2295
330 2 2380
330 3 2550
330 4 2635
330 5 2890
330 6 3230
330 7 3485
330 8 3782
330 9 3910
330 10 4080
330 11 4250
330 12 4377
330 13 4590
330 14 4717
330 15 5057
330 16 5227
330 17 5525
330 18 5567
330 19 5695
330 20 5780
330 21 5865
330 22 5950
330 23 6247
330 24 6672
330 25 7140
330 26 6970
330 27 7140
330 28 7097
330 29 6970
331 19 5780
331 20 5822
331 21 5950
331 22 5950
331 23 6205
331 24 6502
331 25 6800
331 26 6842
331 27 6927
331 28 7012
331 29 6885
332 21 3145
332 22 3230
332 23 3315
332 24 3442
332 25 3272
332 26 3527
332 27 3272
332 28 3570
332 29 3740
333 10 2550
333 11 2550
333 12 2762
333 13 2720
333 14 2720
333 15 2847
333 16 2890
333 17 3187
333 18 3230
333 19 3230
333 20 3315
333 21 3272
333 22 3315
333 23 3400
333 24 3570
333 25 3740
333 26 4122
333 27 4080
333 28 3995
333 29 4335
334 11 2677
334 14 3102
334 15 3272
334 16 3315
334 17 3655
334 19 3612
334 20 3357
334 21 3272
334 22 3400
334 23 3612
334 24 3485
334 25 3272
334 26 3527
334 27 3315
334 28 3570
334 29 3740
335 5 2125
335 6 2125
335 7 2465
335 8 2422
335 9 2805
335 10 2720
335 11 2805
335 12 2975
335 13 2337
335 14 2975
335 15 3102
335 16 3230
335 17 3527
335 18 3400
335 19 3357
335 20 3400
335 21 3187
335 22 3272
335 23 3400
335 24 3527
335 25 3570
335 26 3697
335 27 3442
335 28 3612
335 29 3740
336 19 3400
336 20 3655
336 21 3400
336 22 3442
336 23 3910
336 24 3485
336 25 3612
336 26 3910
336 27 3825
336 28 3740
336 29 3740
337 0 1572
337 1 1317
337 2 1572
337 3 1700
337 4 1487
337 6 2040
337 7 2125
337 8 2422
337 9 1530
337 10 2677
337 11 2762
337 12 3230
337 13 1827
337 14 2040
337 15 2592
337 16 3230
337 17 3527
337 18 3570
337 19 3315
337 20 3485
337 21 3400
337 22 3400
337 23 3825
337 24 3527
337 25 3612
337 26 3825
337 27 3825
337 28 3740
337 29 3740
338 25 3230
338 26 3272
338 27 2975
338 28 3187
338 29 3485
339 14 2040
339 16 1997
339 17 2210
339 18 2210
339 19 2210
339 20 2422
339 21 2380
339 22 2295
339 23 2592
339 24 2635
339 25 2932
339 26 2635
339 27 2720
339 28 2805
339 29 2847
340 26 6417
340 28 6587
340 29 6375
341 4 3315
341 5 3485
341 6 3825
341 7 4462
341 8 4335
341 9 4717
341 10 4887
341 11 4972
341 12 5227
341 13 5482
341 14 5780
341 15 5865
341 16 5610
341 17 6162
341 18 6630
341 19 6630
341 20 5907
341 21 6077
341 22 6205
341 23 6715
341 24 7267
341 25 7692
341 26 7267
341 27 7140
341 28 7352
341 29 7310
342 25 7862
342 26 8500
342 27 7862
342 28 8202
342 29 7692
343 24 8287
343 25 8330
343 27 8500
343 29 9265
344 26 6672
344 27 6842
344 28 6757
344 29 6970
345 19 4207
345 20 4122
345 21 4122
345 22 4207
345 23 4292
345 24 4335
345 25 4207
345 26 4505
345 27 4632
345 28 4930
345 29 4717
346 19 3910
346 20 3867
346 21 3952
346 22 3910
346 23 3995
346 24 3995
346 25 4080
346 26 4292
346 27 4420
346 28 4887
346 29 4505
347 0 1827
347 1 1700
347 2 1912
347 3 1997
347 4 2167
347 5 2210
347 6 2337
347 7 2720
347 8 2975
347 9 2975
347 10 3230
347 11 3230
347 12 3230
347 13 3187
347 14 3400
347 15 3655
347 16 3867
347 17 3825
347 18 3782
347 19 3995
347 20 4547
347 21 3952
347 22 4505
347 23 4462
347 24 4377
347 25 3995
347 26 4292
347 27 4760
347 28 4505
347 29 4887
348 19 4802
348 20 4930
348 21 4760
348 22 4930
348 23 4972
348 24 5100
348 25 5482
348 26 5312
348 27 5270
348 28 5270
348 29 5270
349 26 4505
349 27 4377
349 28 4590
349 29 4207
350 13 4845
350 14 5100
350 15 5100
350 16 5312
350 17 5525
350 24 6842
350 25 6672
350 26 6842
350 27 7692
350 28 7480
350 29 7480
351 26 5525
351 27 5865
351 28 5907
351 29 6120
352 0 1785
352 1 1700
352 2 1700
352 3 1742
352 4 2210
352 5 2125
352 6 2167
352 7 2677
352 8 2507
352 9 2890
352 10 2932
352 11 3017
352 12 3272
352 13 3315
352 14 3357
352 15 3570
352 16 3655
352 17 3782
352 18 3825
352 19 3697
352 20 3782
352 21 3697
352 22 3825
352 23 3995
352 24 4080
352 25 3910
352 26 4080
352 27 4037
352 28 4037
352 29 3825
353 19 3400
353 20 3612
353 21 3612
353 22 3612
353 23 3612
353 24 3612
353 25 3655
353 26 3655
353 27 3570
353 28 3697
353 29 3697
354 12 3655
354 14 3697
354 17 4250
354 18 4165
354 19 3867
354 20 3867
354 21 3825
354 22 3910
354 23 4080
354 24 4250
354 25 4122
354 26 4207
354 27 4080
354 28 4080
354 29 3867
355 25 4845
355 26 4462
355 28 4462
355 29 4802
