1 62.2
2 95.7
3 64.8
4 65.9
5 73.7
6 78.0
7 85.0
8 92.0
9 117
10 86.9
11 85.9
12 77.6
13 67.1
14 74.2
15 75.9
16 76.2
17 78.9
18 88.4
19 75.8
20 73.4
21 89.7
22 74.2
23 78.2
24 72.3
25 77.1
26 84.7
27 81.1
28 81.2
29 84.1
30 80.8
31 85.3
32 61.9
33 85.5
34 84.7
35 77.8
36 77.0
37 77.0
38 85.9
39 85.1
40 84.3
41 62.2
42 67.1
43 76.1
44 83.3
45 86.3
46 86.3
47 75.2
48 77.4
49 78.1
50 73.9
51 73.7
52 84.6
53 74.0
54 75.2
55 75.0
56 79.6
57 80.2
58 84.4
59 79.3
60 84.0
61 84.4
62 80.4
63 61.7
64 61.1
65 84.7
66 81.3
67 77.9
68 81.3
69 69.1
70 81.9
71 77.4
72 79.3
73 81.8
74 85.6
75 85.6
76 71.5
77 85.7
78 76.4
79 85.6
80 76.3
81 83.7
82 76.1
83 56.5
84 78.0
85 84.9
86 77.2
87 82.6
88 85.6
89 77.5
90 76.5
91 82.7
92 85.7
93 82.2
94 69.5
95 69.7
96 74.0
97 75.8
98 84.9
99 74.1
100 74.6
101 84.2
102 73.8
103 64.0
104 72.4
105 75.9
106 84.0
107 71.2
108 91.3
109 71.8
110 59.0
111 62.3
112 60.7
113 67.6
114 67.7
115 65.3
116 64.9
117 62.5
118 63.9
119 70.9
120 72.1
121 62.7
122 56.4
123 57.9
124 56.4
125 57.0
126 59.6
127 60.6
128 62.3
129 67.7
130 66.8
131 69.3
132 69.2
133 66.1
134 66.1
135 74.3
136 85.0
137 77.0
138 77.0
139 69.5
140 71.0
141 70.3
142 73.3
143 83.6
144 71.2
145 69.3
146 81.7
147 79.8
148 69.4
149 74.9
150 77.0
151 77.0
152 81.0
153 91.3
154 90.5
155 69.1
156 70.3
157 67.8
158 72.3
159 73.9
160 78.1
161 67.7
162 67.7
163 67.7
164 77.5
165 72.3
166 71.5
167 77.3
168 69.2
169 67.1
170 73.5
171 73.0
172 63.9
173 63.9
174 66.9
175 48.4
176 60.1
177 59.3
178 59.3
179 63.5
180 62.9
181 62.9
182 66.9
183 69.2
184 61.8
185 60.9
186 61.1
187 58.5
188 58.1
189 69.5
190 81.3
191 75.9
192 73.1
193 86.4
194 86.4
195 86.4
196 86.1
197 46.4
198 73.4
199 76.9
200 70.2
201 54.0
202 73.2
203 68.7
204 118
205 86.5
206 70.3
207 52.4
208 125
209 69.0
210 87.8
211 106
212 69.3
213 87.7
214 89.0
215 74.2
216 74.1
217 67.1
218 74.2
219 97.4
220 43.6
221 52.3
222 46.3
223 52.0
224 51.2
225 48.9
226 51.6
227 47.6
228 37.8
229 47.4
230 48.7
231 48.7
232 54.9
233 54.0
234 48.9
235 43.8
236 54.4
237 44.8
238 51.7
239 48.8
240 48.6
241 54.2
242 52.7
243 52.4
244 51.5
245 48.8
246 54.0
247 43.1
248 52.2
249 54.6
250 47.0
251 50.4
252 51.2
253 43.4
254 51.6
255 56.6
256 51.6
257 54.4
258 56.2
259 51.8
260 51.8
261 49.0
262 50.9
263 47.1
264 53.9
265 60.1
266 60.7
267 54.7
268 48.3
269 56.1
270 57.9
271 57.9
272 44.8
273 47.8
274 44.5
275 44.2
276 56.9
277 49.6
278 52.8
279 47.8
280 41.9
281 40.1
282 41.7
283 50.6
284 51.5
285 50.9
286 56.2
287 52.5
288 52.7
289 43.7
290 50.2
291 54.1
292 57.4
293 54.0
294 54.8
295 58.8
296 50.1
297 42.1
298 45.4
299 49.2
300 57.2
301 48.3
302 48.9
303 49.2
304 50.2
305 52.7
306 59.9
307 53.4
308 60.8
309 49.5
310 49.1
311 56.6
312 46.3
313 40.1
314 57.9
315 44.9
316 45.7
317 55.4
318 59.8
319 40.1
320 42.6
321 42.9
322 69.6
323 3.2
324 40.1
325 5.1
326 1.8
327 38.8
328 38.0
329 39.5
330 39.8
331 39.8
332 8.7
333 28.2
334 18.6
335 6.2
336 12.1
337 7.8
338 8.9
339 66.3
340 41.2
341 40.1
342 40.5
343 40.9
344 40.8
345 15.8
346 15.4
347 14.9
348 16.2
349 10.3
350 39.9
351 37.9
352 0
353 3.0
354 2.5
355 1.3